5 100
25
100 6
200 0 hello 10 2
400 1 hello 8
200 2 world 10 4
400 3 hello 4
400 4 world 2
400 5 world 0
400 6 hello 0
200 7 crawling 100 10
200 8 rendering 100 10
400 9 rendering 100
300 10 3
400 11 crawling 73
300 12 4
400 14 rendering 94
400 19 rendering 79
400 20 rendering 69
400 24 crawling 0
400 25 rendering 19
200 100 a 100 3
200 101 b 100 2
400 103 a 91
400 105 b 92
300 106 1
400 107 a 79
21
100 20
200 268 bakkepr 994 3
200 691 hvgjzbmqw 933 1
400 766 hvgjzbmqw 858
200 1117 inshl 792 1
300 1265 2
200 1594 nbkmocc 777 1
300 2066 1
300 2463 2
200 2694 rmkbjqnee 885 1
200 2883 gjjt 398 2
200 3061 dlpo 600 3
200 3084 rjezbkf 915 3
400 3149 bakkepr 0
200 3617 cplc 354 2
200 3642 vhqzy 452 1
300 3844 3
200 4274 bdteryzlrm 307 1
200 4427 clbafx 16 1
200 4794 ckzunf 638 3
400 5153 rmkbjqnee 0
21
100 20
200 384 uec 568 2
300 493 2
200 502 wfbb 237 2
300 955 1
300 1350 3
200 1709 zpq 159 1
200 1888 qq 798 3
200 1935 jnjhijzs 733 3
200 2400 ixwgdu 87 1
200 2840 yie 828 1
300 2997 1
200 3250 tdbwsrnew 490 1
200 3420 dawpcwd 788 2
200 3428 ewauqehl 155 2
200 3438 lkylxgd 152 3
200 3727 unbz 980 3
200 4122 pnr 214 1
300 4609 2
200 4813 knmjcrhm 173 3
400 5099 uec 0
21
100 1
200 230 ehsq 961 3
400 636 ehsq 555
200 1006 qzfmtnhy 317 2
200 1401 dy 454 2
200 1767 iaxy 476 1
300 1909 1
300 2310 1
200 2480 oawmi 103 1
200 2930 oaccdlc 634 3
400 3391 qzfmtnhy 0
400 3683 iaxy 0
300 3923 1
200 4185 tk 567 3
200 4226 ynctgked 588 1
200 4425 vpjxzv 428 1
200 4525 srm 310 1
200 4682 gpavbnqcp 627 2
200 5011 ttw 692 2
200 5166 aufqkbzjx 803 3
200 5167 evnblefy 374 3
21
100 1
200 380 wkdr 811 2
200 421 nst 920 2
200 650 cusjig 927 1
200 959 obj 750 3
200 1046 pygtioq 939 2
400 1209 cusjig 927
200 1288 urbcpgn 838 3
400 1714 cusjig 927
200 1933 msuby 492 2
200 2389 yw 340 2
200 2429 crbjxhvz 698 1
200 2713 aeopgaadf 937 1
200 2778 jbxzsv 458 3
200 2829 mhbapi 802 3
200 3097 efda 688 2
200 3367 bi 971 1
200 3531 lhgjrhkk 79 2
200 3976 er 208 3
300 4216 1
400 4347 nst 0
