4 100
19
1
2 1 1 5 105 5
2 2 1 5 100 5
3 3 1 12 100 2
5 1 0
3 4 1 8 90 8
3 5 1 1 110 1
2 6 1 11 110 0
5 1 20
2 7 1 1 80 1
2 8 1 1 85 1
3 9 1 3 70 1
4 9
2 10 1 1 70 1
5 1 20
3 11 5 500000 1000000 500000
3 12 5 499999 999999 499999
2 13 5 1000000 1000000 1
5 5 1
11
1
2 1 1 5 100 5
2 2 1 5 100 5
3 3 1 8 100 0
4 2
3 4 1 2 100 2
3 5 2 5 100 5
3 6 2 5 100 5
2 7 2 8 100 0
4 6
2 8 2 2 100 2
276
1
3 1 3 145517 140463 145517
2 2 1 888636 402540 888636
3 3 3 402893 860890 402893
2 4 3 27667 263305 0
3 5 5 563716 389630 563716
5 3 0
2 6 4 585276 845006 585276
4 2
5 3 0
2 7 4 690250 571511 690250
4 5
2 8 2 608449 733265 608449
2 9 2 956092 457955 956092
2 10 4 398860 40411 398860
3 11 3 883251 556874 883251
4 11
4 9
3 12 5 553408 142615 553408
2 13 1 144413 641319 144413
5 3 0
4 8
4 13
4 1
4 3
3 14 5 91348 237002 91348
4 3
3 15 5 162464 505509 162464
3 16 4 692963 102989 0
3 17 3 688148 502198 688148
3 18 4 884929 479532 302366
2 19 4 75168 959041 0
2 20 5 714246 365768 69490
5 5 94387
2 21 2 916146 913151 916146
5 4 0
2 22 4 79578 773936 0
3 23 5 909771 364952 840281
4 5
3 24 2 249948 373828 0
2 25 1 308313 199311 308313
4 8
3 26 2 406062 651011 0
2 27 4 611947 842918 464327
4 21
2 28 1 809421 659178 809421
2 29 4 812146 903070 812146
2 30 5 56513 891754 0
3 31 5 571254 183360 571254
2 32 5 890134 895225 0
3 33 1 42087 860111 42087
2 34 1 605234 391331 605234
2 35 2 562696 366329 562696
3 36 5 87162 632055 87162
4 2
5 2 0
4 5
3 37 1 771815 362314 0
3 38 5 772653 361442 772653
3 39 2 356036 311362 0
3 40 2 997030 933737 997030
2 41 2 265999 361783 265999
2 42 2 460159 628531 460159
2 43 4 188796 727431 188796
4 11
5 3 0
3 44 5 311298 575053 311298
2 45 5 768488 776007 0
3 46 1 816596 647783 778990
3 47 3 789408 193611 789408
4 11
3 48 4 55061 467278 0
2 49 3 235253 843367 0
2 50 1 163025 173645 163025
2 51 2 530246 548914 530246
2 52 3 79537 874984 0
2 53 1 243445 845672 0
2 54 4 782009 869581 782009
2 55 2 996647 806550 996647
3 56 1 393326 338088 0
4 47
5 3 53148
2 57 4 940438 934245 940438
3 58 2 470247 55245 0
3 59 5 428660 863284 428660
2 60 4 865407 377584 865407
4 3
2 61 4 60974 552959 60974
4 36
3 62 5 388909 301826 388909
3 63 4 788126 286311 0
3 64 2 34 692073 0
5 4 454713
3 65 4 697209 969171 697209
2 66 1 178419 182709 178419
3 67 5 747062 862934 747062
2 68 4 846254 75189 846254
3 69 3 226313 405559 226313
5 4 454713
4 25
3 70 4 392821 156387 0
4 2
5 2 440221
2 71 5 680306 748593 0
3 72 1 22340 940127 22340
3 73 1 371593 824260 371593
2 74 2 981855 164578 981855
2 75 1 717669 952095 0
4 74
2 76 4 813072 616392 813072
3 77 1 939048 572585 939048
3 78 1 450314 46927 0
4 5
5 4 454713
2 79 1 537532 656432 0
3 80 4 888734 803781 0
3 81 3 19948 116951 19948
3 82 2 895129 970028 895129
4 11
4 1
4 33
2 83 2 898390 719147 898390
3 84 2 155532 620652 0
3 85 2 453403 203571 0
2 86 3 772941 21407 772941
2 87 4 910961 860789 910961
4 10
3 88 1 368734 312298 368734
2 89 5 127853 19660 127853
5 4 454713
2 90 2 103542 495465 103542
3 91 4 880435 810827 0
3 92 1 735006 668790 735006
5 5 223153
4 36
3 93 5 192931 93991 192931
2 94 1 368910 594000 0
5 3 53148
3 95 3 680793 66479 680793
2 96 4 932705 168414 932705
2 97 2 995800 101850 995800
4 9
5 2 440221
3 98 5 312015 356576 312015
4 27
2 99 3 417728 642610 0
5 3 53148
2 100 2 337827 552884 337827
4 69
2 101 1 562818 951993 0
3 102 3 681111 120201 681111
3 103 2 649208 827891 649208
2 104 5 541450 405367 0
3 105 2 910355 365144 0
3 106 2 506304 378785 0
3 107 1 122784 924446 122784
2 108 1 730919 801758 157391
3 109 1 637228 510072 479837
2 110 3 352811 567299 0
2 111 3 2116 520604 0
2 112 3 664505 872739 0
3 113 2 845364 987134 845364
3 114 3 868095 101461 868095
3 115 3 18186 36821 18186
4 8
5 5 270961
4 5
3 116 3 992452 932836 992452
3 117 3 689826 397339 689826
4 117
4 17
3 118 2 882433 61168 0
2 119 2 336992 145755 336992
2 120 4 44926 54836 44926
3 121 4 298421 491536 0
2 122 4 805760 538568 805760
3 123 4 525951 832567 383995
3 124 4 944949 289983 0
3 125 2 120585 634693 120585
3 126 1 152072 563633 152072
3 127 4 791906 525359 0
3 128 1 6312 427632 6312
2 129 4 870932 822890 870932
4 25
2 130 1 991350 740911 353129
3 131 3 439378 624385 439378
4 82
3 132 5 623567 478835 623567
5 4 454713
2 133 5 878631 858467 0
4 9
3 134 1 356127 642151 2998
5 1 628113
3 135 3 600396 579435 600396
2 136 4 582197 428385 582197
3 137 5 896709 993505 896709
2 138 2 540197 666329 419612
2 139 5 654274 414362 654274
4 60
2 140 4 585863 44216 585863
3 141 3 458608 480958 458608
2 142 5 786548 133915 786548
3 143 5 521526 436881 521526
5 4 454713
2 144 3 105658 81645 87472
4 120
4 1
2 145 5 256840 676768 0
3 146 3 243354 295899 243354
3 147 1 13878 339486 13878
2 148 1 304872 821129 287996
5 1 628113
5 4 454713
2 149 1 658250 638024 658250
3 150 3 981731 655887 981731
4 140
3 151 5 712662 362845 58388
2 152 4 741654 392989 741654
3 153 5 958822 903704 958822
3 154 3 741800 901243 741800
4 10
2 155 3 72445 125196 0
2 156 5 14150 229610 14150
4 129
2 157 4 367722 947596 0
2 158 2 329016 257391 329016
3 159 5 567975 215469 553825
2 160 2 223768 915680 0
3 161 3 801358 781610 801358
2 162 1 253360 770543 253360
2 163 1 830732 866713 641263
3 164 2 960847 368402 541235
2 165 4 312462 214094 312462
3 166 4 703296 458943 571549
4 13
2 167 2 284134 795729 0
3 168 2 484638 832787 484638
2 169 5 296826 487055 0
2 170 2 229171 349872 229171
3 171 1 620802 395015 0
4 119
2 172 1 423805 621476 423805
2 173 1 886308 955264 741184
3 174 3 592018 16453 0
3 175 2 130185 777794 130185
4 159
3 176 2 346251 934962 346251
3 177 3 217422 914134 217422
3 178 2 354505 924309 354505
4 44
2 179 2 210936 729566 0
3 180 5 995796 491217 995796
2 181 2 310469 584169 264304
2 182 3 917643 751277 0
2 183 5 993197 844038 0
3 184 1 779377 652353 0
2 185 2 715877 994577 0
2 186 5 307353 376203 307353
3 187 1 218465 585193 0
3 188 1 294040 863688 294040
2 189 2 737432 492330 737432
2 190 4 869059 278388 869059
2 191 4 879614 743601 308065
3 192 3 253680 117645 253680
2 193 3 868295 170074 614615
4 153
5 2 466458
2 194 3 873860 73415 873860
3 195 4 916344 460927 608279
3 196 5 560715 618429 560715
3 197 4 765892 47925 0
2 198 4 876492 157532 876492
2 199 4 812976 584111 204697
2 200 1 190563 682155 190563
4 96
5 4 454713
276
1
2 1 5 656393 305360 656393
4 1
2 2 4 307825 796372 307825
3 3 5 960001 555027 960001
2 4 2 175915 99237 175915
4 2
3 5 2 578826 860285 578826
2 6 5 449117 709023 0
3 7 2 233241 398492 233241
5 5 0
3 8 3 102381 679219 102381
2 9 5 82455 130718 82455
2 10 2 870508 443882 637267
3 11 1 397258 832181 397258
5 5 0
2 12 5 14868 711189 0
2 13 3 713200 630326 713200
2 14 4 214022 313542 214022
2 15 4 576757 504858 576757
2 16 2 406430 20586 406430
3 17 3 970921 233040 257721
2 18 3 771329 700877 411227
3 19 3 270675 678469 0
3 20 1 449171 738878 449171
4 1
2 21 1 589578 101133 589578
3 22 4 826342 972875 826342
4 2
3 23 2 467354 921913 467354
3 24 3 290753 680793 150201
2 25 3 63385 464733 63385
4 25
3 26 1 734684 731587 734684
2 27 1 531056 158359 531056
2 28 5 636488 33974 636488
4 2
5 3 467837
4 5
2 29 1 50574 829355 0
3 30 5 754377 873324 754377
2 31 5 916595 313586 916595
3 32 4 349712 543024 349712
3 33 2 869450 779483 869450
5 5 0
2 34 5 905232 569716 409216
3 35 2 305116 747496 305116
3 36 1 890891 504 0
4 24
4 21
2 37 2 184546 613717 184546
3 38 4 295853 20767 0
3 39 3 85409 686401 85409
3 40 1 306506 349219 306506
4 23
3 41 3 1239 285723 1239
2 42 4 362764 526159 362764
5 1 0
3 43 5 482082 744388 482082
4 43
2 44 3 889934 172487 889934
5 3 467837
3 45 2 493860 776584 493860
3 46 5 321330 587278 321330
2 47 3 957398 628550 956159
2 48 3 280487 169393 280487
4 26
2 49 4 778151 972044 428439
2 50 4 405143 55867 405143
3 51 3 543523 166277 0
2 52 3 846513 115602 846513
3 53 4 3150 331016 0
2 54 2 223016 891477 0
2 55 4 22165 747561 22165
3 56 4 344267 591289 0
3 57 5 77093 261437 0
3 58 2 363109 831539 363109
4 15
2 59 4 435463 327076 435463
5 5 14689
2 60 1 617494 712596 310988
3 61 3 850164 604668 437528
3 62 4 961936 702720 858749
2 63 5 94723 151606 94723
5 3 467837
2 64 3 94050 745717 0
3 65 5 909899 702967 909899
2 66 5 451353 542123 451353
4 33
2 67 3 660258 391366 660258
3 68 4 904811 137522 0
3 69 1 217504 999182 217504
4 28
2 70 4 78590 388263 78590
3 71 3 348765 560357 348765
5 2 349004
2 72 2 246235 913222 0
2 73 1 258876 449726 258876
4 11
2 74 5 475419 730951 0
2 75 2 79717 587157 79717
3 76 1 174992 745388 174992
5 2 378092
3 77 1 534777 900917 534777
3 78 1 225941 635953 0
3 79 5 733761 2845 0
2 80 3 758819 789086 0
4 9
2 81 1 565602 255463 565602
4 14
3 82 1 25531 711693 0
3 83 4 611413 75234 532823
3 84 1 635400 959039 635400
4 24
5 5 147940
2 85 4 152842 202753 0
5 2 378092
4 37
4 76
2 86 2 223905 478939 223905
2 87 4 434955 85640 54974
2 88 3 402567 26495 402567
4 28
2 89 5 83038 80340 83038
2 90 5 74109 330046 74109
2 91 3 926773 994284 907940
3 92 3 394319 802294 0
2 93 3 923512 709941 923512
4 65
4 89
4 86
4 50
3 94 3 203064 846460 0
3 95 4 654905 761773 654905
4 63
3 96 1 145452 635304 85936
3 97 2 278786 690805 278786
2 98 1 841697 370175 841697
3 99 4 650328 163155 650328
2 100 2 741277 872641 0
2 101 4 430982 160606 430982
3 102 1 381519 310018 0
5 3 761244
4 69
3 103 4 680163 670296 680163
2 104 4 641178 25935 641178
2 105 2 595526 967639 365183
2 106 2 607577 924382 607577
3 107 5 553510 189652 0
3 108 1 180644 725551 180644
4 33
4 1
4 14
2 109 5 730809 943118 0
4 65
4 44
5 5 559738
2 110 1 299715 743198 0
4 86
2 111 3 33519 193804 33519
2 112 1 202461 909399 0
2 113 2 558259 981416 558259
3 114 3 873300 576913 0
2 115 3 665612 292010 665612
3 116 1 221064 253197 0
2 117 2 359897 503768 359897
4 43
5 1 637745
3 118 5 334583 131573 0
4 52
3 119 4 234826 483988 234826
3 120 2 924097 445870 0
2 121 3 810123 592977 810123
4 117
5 3 761244
2 122 3 336763 659604 336763
4 117
3 123 1 695731 307150 197741
5 4 467186
2 124 2 72266 137289 72266
4 122
2 125 1 806179 283149 806179
3 126 2 414389 162946 0
2 127 3 140825 83526 140825
2 128 5 579520 539535 579520
2 129 4 456736 676727 0
2 130 2 261871 980155 261871
2 131 3 626348 436413 626348
4 1
3 132 5 656628 996213 656628
5 5 559738
2 133 5 916066 933430 892498
3 134 2 876346 715267 421942
2 135 2 147021 448770 147021
4 25
4 69
3 136 4 586730 255294 586730
3 137 1 500662 91405 0
3 138 2 161210 518339 81493
2 139 5 656516 673417 656516
3 140 2 820225 318988 35937
5 5 559738
5 2 582924
2 141 1 156810 326414 0
2 142 4 760681 287226 0
2 143 5 74531 462525 74531
3 144 5 398362 648664 0
5 1 637745
3 145 4 792407 220086 792407
3 146 5 17454 611209 0
4 22
3 147 4 912732 263563 912732
3 148 4 496270 309426 496270
4 23
3 149 3 561423 159975 0
4 77
5 4 467186
3 150 3 652285 203346 0
2 151 5 859676 280207 859676
3 152 1 208804 522011 208804
3 153 3 854257 583047 854257
2 154 5 593384 952782 593384
3 155 3 372782 271945 0
4 77
2 156 1 755399 31226 755399
4 62
3 157 4 860261 257914 860261
2 158 2 933862 544538 816432
3 159 5 648643 371866 0
3 160 1 317004 601680 317004
3 161 2 492949 947445 492949
3 162 3 610873 432936 400123
3 163 3 225426 886122 225426
3 164 3 512002 485024 512002
3 165 1 19821 433108 19821
2 166 2 870204 923828 448262
3 167 2 244316 124690 0
3 168 3 57854 487202 57854
2 169 2 601428 956927 108479
3 170 4 917146 977446 917146
3 171 5 849802 500602 0
2 172 4 674535 114238 674535
3 173 4 849779 135646 418797
5 5 639196
3 174 2 277393 795533 0
2 175 5 659004 223746 659004
4 76
3 176 2 870361 103585 0
2 177 2 986781 862892 986781
2 178 2 500842 380015 500842
5 5 639196
3 179 2 359572 625912 0
3 180 2 215834 915676 215834
2 181 2 413345 873786 413345
2 182 2 561022 629764 561022
3 183 2 599336 114477 0
5 4 467186
4 165
2 184 2 136832 881267 136832
3 185 5 540636 125883 0
2 186 1 788215 269285 788215
3 187 4 944993 437439 944993
2 188 1 743182 341592 702251
2 189 5 124950 492551 124950
2 190 2 660659 36132 660659
3 191 4 859398 960202 859398
3 192 2 547218 627995 0
2 193 4 137727 949180 0
3 194 4 191832 160212 191832
4 22
3 195 2 170012 498483 0
3 196 2 552851 339391 0
2 197 5 781176 335119 781176
2 198 3 138869 626657 0
2 199 5 178746 841305 178746
2 200 2 220151 981823 4317
276
1
2 1 2 80574 170730 80574
4 1
3 2 1 284333 908992 284333
3 3 2 173786 663214 173786
4 2
2 4 1 233359 545439 233359
3 5 1 999880 946716 999880
2 6 3 820116 110061 820116
4 6
3 7 1 242340 443549 8981
2 8 3 4048 67691 4048
2 9 1 967590 294631 967590
2 10 5 123230 953652 123230
4 6
2 11 2 791027 906918 617241
4 8
2 12 4 355583 511319 355583
2 13 2 456547 829842 456547
3 14 1 617552 112264 0
2 15 3 172244 590770 172244
3 16 3 848032 219536 675788
3 17 5 395978 863139 272748
2 18 5 956748 515956 956748
4 5
5 3 0
2 19 2 118897 204665 118897
4 16
3 20 3 319214 497004 319214
5 2 0
3 21 4 11475 355898 0
5 2 0
2 22 4 275309 524255 275309
3 23 4 933198 138264 313781
4 8
3 24 1 136818 684422 136818
4 19
5 1 0
2 25 3 368470 809816 49256
2 26 4 739251 769151 425470
3 27 2 708879 886340 91638
3 28 1 79464 323545 79464
4 13
3 29 2 774004 393633 774004
4 5
4 16
2 30 1 426677 181411 426677
4 7
2 31 2 473693 654452 0
4 25
3 32 3 400100 189754 400100
5 5 0
2 33 3 862424 699200 462324
5 1 0
3 34 3 563859 992814 563859
3 35 1 453165 499586 453165
5 4 12936
5 2 243704
4 29
5 5 0
2 36 5 169230 805591 169230
2 37 3 260130 953289 260130
4 1
2 38 1 301192 345977 221728
3 39 2 862680 250439 862680
3 40 4 33986 82802 0
5 4 630887
3 41 3 800634 121007 78180
2 42 3 593540 814078 515360
5 5 0
2 43 2 585567 574507 0
2 44 1 48061 722224 0
3 45 1 40267 14085 0
5 3 763535
2 46 3 961938 27640 961938
4 34
3 47 5 957927 232618 0
3 48 3 500149 705974 0
3 49 3 917637 898487 917637
3 50 3 714278 91961 699067
2 51 2 523211 667022 246098
3 52 2 268621 481354 22523
2 53 2 805542 442885 805542
3 54 4 492344 331612 100860
2 55 1 757892 496688 757892
2 56 3 375923 732645 0
2 57 4 508497 805412 407637
5 1 204955
2 58 4 519930 589548 519930
3 59 5 88294 818639 88294
3 60 5 6261 861394 6261
4 30
2 61 1 489805 280668 489805
4 60
3 62 1 409100 848855 409100
2 63 4 2614 897771 2614
3 64 3 270110 294619 270110
4 61
3 65 1 365009 170321 0
3 66 4 888608 824599 885994
3 67 1 668189 436526 275306
3 68 3 149465 292315 149465
2 69 5 177190 947588 0
3 70 2 225049 270710 0
2 71 1 144398 935583 0
2 72 2 808932 232341 808932
2 73 2 466941 610510 444418
3 74 1 538687 777509 538687
2 75 5 88598 136284 88598
4 30
3 76 2 783359 549207 338941
4 50
4 75
3 77 2 636435 96686 0
2 78 5 793977 597674 793977
3 79 4 238170 474847 0
2 80 5 813774 813739 813774
2 81 5 639666 475664 639666
4 2
2 82 4 292421 382290 292421
2 83 4 689131 626010 689131
2 84 2 641507 361709 641507
4 81
2 85 2 205009 144531 205009
2 86 3 299661 564981 0
3 87 5 290974 445749 0
2 88 3 985893 661059 865979
3 89 5 610343 763407 87543
3 90 3 996942 897618 996942
2 91 2 771241 320198 771241
2 92 3 798247 109545 798247
2 93 3 902688 936318 0
2 94 3 919180 831948 919180
3 95 3 409161 624157 0
3 96 1 441690 312959 260229
2 97 1 692450 498887 301313
3 98 5 631533 395402 0
3 99 4 422568 860642 422568
2 100 4 8868 402543 8868
3 101 3 161367 687059 0
3 102 2 655835 921396 655835
4 82
4 46
3 103 1 71941 512266 71941
2 104 3 871484 764737 871484
3 105 1 125212 26324 0
3 106 5 27957 478033 0
4 9
3 107 5 757047 253842 454509
3 108 5 202874 818671 202874
2 109 4 770825 42906 770825
3 110 4 995876 541856 0
3 111 5 460530 601301 460530
3 112 2 597180 448079 597180
4 35
2 113 1 215166 126692 215166
3 114 1 664843 585571 664843
3 115 3 883690 90662 0
3 116 2 221686 565990 221686
2 117 2 505647 675614 0
2 118 1 20343 676497 0
5 5 347183
2 119 1 347563 781022 0
4 2
2 120 5 487758 51633 487758
4 76
2 121 2 78057 849152 0
3 122 3 397551 726154 61105
3 123 3 774754 725644 774754
4 13
3 124 5 755058 333862 755058
3 125 4 779732 953908 779732
3 126 1 301674 926524 301674
2 127 3 672427 643698 672427
5 5 347183
2 128 2 745517 983754 0
5 1 290940
3 129 1 827002 634929 827002
2 130 1 705189 232188 705189
2 131 4 144301 686200 144301
4 62
3 132 1 723736 271343 547635
3 133 4 503560 163573 0
2 134 4 489305 276945 489305
2 135 5 284778 169487 284778
5 5 347183
3 136 5 808458 98754 523680
2 137 1 48374 351702 0
2 138 1 315244 994929 0
4 75
2 139 3 532759 753282 0
4 136
5 3 805657
3 140 3 561127 836737 561127
3 141 5 116302 425734 116302
3 142 5 221993 711247 221993
2 143 2 302700 761699 302700
2 144 4 978829 565295 978829
2 145 5 844167 391490 0
4 74
5 5 347183
3 146 5 582512 39 94754
3 147 5 67870 555738 67870
3 148 4 189178 98895 0
2 149 2 434631 472167 434631
3 150 1 628973 362886 628973
3 151 5 853687 501333 853687
2 152 1 382741 861441 0
4 72
4 122
5 1 290940
3 153 3 343220 342459 0
3 154 3 837650 566171 0
3 155 2 961474 136129 0
3 156 3 666068 423544 308532
5 1 290940
3 157 4 399133 79995 0
5 2 689055
2 158 5 885958 731713 0
2 159 5 693192 73421 693192
3 160 2 176405 509029 176405
2 161 4 589652 115119 589652
2 162 5 847890 310611 847890
3 163 4 376191 373181 0
2 164 1 851053 470559 420804
2 165 4 107860 784428 107860
2 166 1 391440 403486 391440
2 167 2 346721 374577 346721
5 1 290940
4 130
3 168 5 783473 762017 783473
3 169 5 392738 786206 392738
2 170 2 380754 260998 380754
3 171 4 776985 630300 669125
3 172 3 44464 638951 44464
2 173 2 407412 800818 231007
4 19
2 174 3 265219 905965 0
4 140
2 175 2 898418 907794 898418
3 176 1 811164 386484 0
3 177 2 989660 782082 0
3 178 5 909098 935226 909098
4 130
3 179 5 788052 141248 0
4 170
4 7
2 180 5 91174 35849 91174
4 178
5 4 759507
2 181 1 217878 29569 217878
3 182 1 167752 776410 167752
3 183 5 253494 599987 253494
3 184 5 175011 526380 175011
4 111
4 111
2 185 2 438552 397201 438552
2 186 5 232800 451539 232800
2 187 5 360050 3041 360050
5 1 290940
2 188 1 519529 382179 519529
2 189 4 915702 215808 915702
2 190 3 63903 922825 0
2 191 5 547737 568070 0
3 192 1 270488 968994 270488
2 193 3 777944 795117 512075
4 46
3 194 3 289525 711897 0
3 195 3 375705 80931 0
2 196 4 962399 938369 0
2 197 3 427912 202624 427912
4 184
2 198 3 937585 422335 937585
3 199 2 532876 930464 532876
4 50
3 200 3 397424 811346 397424
276
1
2 1 4 754604 8944 754604
3 2 5 780167 574022 780167
2 3 5 718113 768964 0
3 4 2 141441 331802 141441
2 5 2 943376 451841 801935
2 6 3 756763 358451 756763
4 5
4 2
3 7 2 393684 947253 393684
3 8 1 560783 416079 560783
2 9 2 931430 579782 931430
4 6
5 2 0
3 10 4 316957 517516 316957
2 11 3 317931 940674 317931
4 6
2 12 4 117917 568222 0
5 4 0
3 13 3 608962 309315 291031
2 14 5 643814 204990 643814
2 15 3 86611 422452 0
3 16 3 621898 230505 621898
2 17 1 876559 179271 876559
4 9
3 18 3 282999 671753 282999
3 19 1 319629 540679 319629
3 20 2 426490 977844 426490
3 21 1 758467 72330 0
2 22 3 490420 541034 0
2 23 4 222171 557719 23131
2 24 1 312330 187449 312330
5 1 0
3 25 1 635772 866688 635772
2 26 4 309631 583706 309631
2 27 4 467340 913328 467340
3 28 1 717398 588698 717398
2 29 2 765142 903255 765142
3 30 5 627786 713032 627786
3 31 2 454706 306289 0
3 32 4 891154 406527 91052
3 33 3 989682 645564 989682
3 34 2 533921 6365 223485
2 35 3 618926 227253 618926
2 36 5 869613 942591 241827
4 36
5 1 0
3 37 5 812354 3477 168540
2 38 2 790242 199858 566757
3 39 1 974723 303736 974723
2 40 4 324753 298369 324753
4 1
3 41 1 168189 707718 168189
4 5
5 1 0
3 42 5 526357 102304 526357
3 43 5 816714 908858 816714
5 4 395812
2 44 3 64539 432981 0
4 37
2 45 4 332325 246738 332325
4 25
4 5
4 33
2 46 1 303231 449319 0
3 47 3 684359 360118 684359
3 48 3 953355 840322 953355
3 49 3 649689 163792 30763
2 50 5 84355 602822 0
3 51 3 799200 409904 799200
4 40
2 52 5 705955 719813 263953
3 53 2 256074 441211 256074
3 54 3 145190 998652 145190
4 39
3 55 2 831858 943342 831858
2 56 3 844518 440251 0
2 57 3 937777 150656 937777
4 7
2 58 5 265256 992354 0
3 59 1 740698 888383 740698
2 60 4 975538 422743 884486
4 45
2 61 3 664216 238397 664216
2 62 1 242405 159962 242405
3 63 5 811765 158969 547812
2 64 4 363924 434433 363924
2 65 4 189553 677152 189553
2 66 4 558175 802182 558175
3 67 3 203543 371624 203543
3 68 1 607028 996030 607028
5 5 806554
2 69 4 18825 829375 18825
2 70 5 83730 876170 0
2 71 4 600492 951702 600492
2 72 4 428837 593248 428837
5 5 806554
5 2 571453
4 40
3 73 3 441773 223919 0
3 74 4 784825 950726 184333
5 1 124465
3 75 1 185100 958393 185100
2 76 5 680086 524706 216004
4 25
2 77 4 979596 570203 979596
2 78 4 300019 434090 300019
5 5 806554
3 79 1 425508 986784 425508
2 80 5 279869 402131 279869
4 55
3 81 1 120161 178585 0
3 82 2 154207 576385 154207
3 83 4 582696 542198 0
2 84 1 6666 424049 0
4 68
2 85 5 6974 190815 6974
3 86 3 68261 264105 68261
4 25
4 17
2 87 3 532596 546589 0
3 88 2 700658 759058 700658
2 89 3 493829 241071 493829
4 79
4 2
2 90 2 450299 623483 40018
3 91 1 290866 396482 290866
3 92 4 881632 421405 0
2 93 4 655746 581174 655746
2 94 1 653369 361340 653369
4 77
2 95 4 434612 467429 434612
3 96 1 481867 499408 481867
2 97 1 565123 589376 0
4 57
2 98 5 344807 680891 344807
5 4 545175
2 99 5 882942 804388 882942
3 100 1 376204 102467 0
2 101 1 657450 87393 657450
5 5 806554
3 102 4 218968 145999 0
4 93
4 43
3 103 4 350993 637819 350993
4 9
2 104 4 148431 124773 148431
4 9
3 105 4 22748 407148 0
4 20
3 106 4 326541 490257 326541
2 107 3 413733 838615 0
3 108 2 194329 201410 154311
3 109 4 73519 252365 0
2 110 5 842995 161368 842995
3 111 1 987570 321445 710405
2 112 2 760832 430558 606521
4 45
4 79
3 113 3 992809 552975 992809
2 114 3 23409 892864 0
4 80
2 115 5 300262 433376 300262
3 116 1 324424 56494 0
2 117 4 642307 597579 315766
4 59
3 118 5 193161 528839 0
2 119 3 393241 380255 393241
2 120 2 264268 266334 264268
3 121 1 120550 631899 120550
3 122 5 2539 478866 0
3 123 5 472681 746210 0
4 99
2 124 4 260080 151792 260080
5 1 236808
2 125 2 480274 892229 0
5 4 545175
3 126 4 48522 507611 0
2 127 5 381339 197081 381339
3 128 3 121529 977276 121529
2 129 5 692959 854529 692959
3 130 5 845767 412234 0
3 131 2 91315 139164 0
4 103
3 132 4 697160 57261 0
2 133 1 115678 32464 115678
2 134 5 703477 448737 703477
3 135 2 919844 503989 919844
3 136 4 869479 997156 869479
4 96
5 3 246112
2 137 4 458828 189132 458828
3 138 5 562328 382794 0
2 139 4 677455 795629 677455
5 3 246112
5 1 236808
3 140 3 395487 561053 395487
3 141 3 120259 617614 120259
2 142 1 803496 572464 0
4 51
2 143 3 428348 277710 428348
3 144 3 284075 188579 0
3 145 4 964372 26930 0
5 5 806554
3 146 3 189302 918493 189302
2 147 4 151098 655455 151098
3 148 5 652479 385358 0
2 149 5 826256 585354 826256
4 38
3 150 3 394065 359647 284899
5 1 256117
5 1 256117
3 151 2 13602 997161 13602
2 152 2 211286 742576 0
2 153 2 750825 11062 750825
4 41
4 149
2 154 3 458480 892420 0
2 155 4 143709 450721 143709
2 156 1 223463 413733 223463
3 157 2 776533 289053 261327
3 158 1 414517 478972 414517
5 4 545175
3 159 5 832322 236298 635387
2 160 4 593815 762181 593815
3 161 1 94273 278312 0
2 162 4 341262 537782 341262
4 157
3 163 5 309742 85220 0
2 164 1 188631 48157 188631
2 165 3 911363 951837 0
2 166 1 430761 881798 0
3 167 1 945505 880126 945505
3 168 5 744233 643057 744233
4 43
2 169 1 200323 558461 0
3 170 2 499596 149362 235328
3 171 5 39458 271938 39458
3 172 5 859332 879265 859332
2 173 2 952883 412518 717555
3 174 2 836151 928334 836151
4 1
2 175 2 192547 133996 192547
3 176 1 564859 916798 564859
5 3 397261
3 177 2 830994 688533 830994
2 178 3 140494 118023 140494
2 179 5 296453 930106 0
3 180 5 898351 638051 898351
4 79
4 162
3 181 3 414397 622019 414397
4 104
3 182 3 227466 51308 0
3 183 1 683938 826774 683938
2 184 4 677247 194267 677247
5 5 806554
2 185 4 672141 839860 672141
3 186 1 553249 426855 553249
4 55
3 187 1 662964 868099 662964
4 121
2 188 1 337945 74399 337945
2 189 1 168864 116053 168864
2 190 2 194793 157317 194793
2 191 3 7432 165025 7432
3 192 3 849845 776348 849845
5 1 380717
2 193 1 946516 118455 946516
3 194 4 378660 295129 0
3 195 4 577056 286508 0
3 196 2 15088 349028 0
2 197 2 879140 447101 879140
3 198 3 121900 221622 0
2 199 4 870750 182224 870750
2 200 3 19124 791763 0
