1 100
276
1
2 1 4 754604 8944 754604
3 2 5 780167 574022 780167
2 3 5 718113 768964 0
3 4 2 141441 331802 141441
2 5 2 943376 451841 801935
2 6 3 756763 358451 756763
4 5
4 2
3 7 2 393684 947253 393684
3 8 1 560783 416079 560783
2 9 2 931430 579782 931430
4 6
5 2 0
3 10 4 316957 517516 316957
2 11 3 317931 940674 317931
4 6
2 12 4 117917 568222 0
5 4 0
3 13 3 608962 309315 291031
2 14 5 643814 204990 643814
2 15 3 86611 422452 0
3 16 3 621898 230505 621898
2 17 1 876559 179271 876559
4 9
3 18 3 282999 671753 282999
3 19 1 319629 540679 319629
3 20 2 426490 977844 426490
3 21 1 758467 72330 0
2 22 3 490420 541034 0
2 23 4 222171 557719 23131
2 24 1 312330 187449 312330
5 1 0
3 25 1 635772 866688 635772
2 26 4 309631 583706 309631
2 27 4 467340 913328 467340
3 28 1 717398 588698 717398
2 29 2 765142 903255 765142
3 30 5 627786 713032 627786
3 31 2 454706 306289 0
3 32 4 891154 406527 91052
3 33 3 989682 645564 989682
3 34 2 533921 6365 223485
2 35 3 618926 227253 618926
2 36 5 869613 942591 241827
4 36
5 1 0
3 37 5 812354 3477 168540
2 38 2 790242 199858 566757
3 39 1 974723 303736 974723
2 40 4 324753 298369 324753
4 1
3 41 1 168189 707718 168189
4 5
5 1 0
3 42 5 526357 102304 526357
3 43 5 816714 908858 816714
5 4 395812
2 44 3 64539 432981 0
4 37
2 45 4 332325 246738 332325
4 25
4 5
4 33
2 46 1 303231 449319 0
3 47 3 684359 360118 684359
3 48 3 953355 840322 953355
3 49 3 649689 163792 30763
2 50 5 84355 602822 0
3 51 3 799200 409904 799200
4 40
2 52 5 705955 719813 263953
3 53 2 256074 441211 256074
3 54 3 145190 998652 145190
4 39
3 55 2 831858 943342 831858
2 56 3 844518 440251 0
2 57 3 937777 150656 937777
4 7
2 58 5 265256 992354 0
3 59 1 740698 888383 740698
2 60 4 975538 422743 884486
4 45
2 61 3 664216 238397 664216
2 62 1 242405 159962 242405
3 63 5 811765 158969 547812
2 64 4 363924 434433 363924
2 65 4 189553 677152 189553
2 66 4 558175 802182 558175
3 67 3 203543 371624 203543
3 68 1 607028 996030 607028
5 5 806554
2 69 4 18825 829375 18825
2 70 5 83730 876170 0
2 71 4 600492 951702 600492
2 72 4 428837 593248 428837
5 5 806554
5 2 571453
4 40
3 73 3 441773 223919 0
3 74 4 784825 950726 184333
5 1 124465
3 75 1 185100 958393 185100
2 76 5 680086 524706 216004
4 25
2 77 4 979596 570203 979596
2 78 4 300019 434090 300019
5 5 806554
3 79 1 425508 986784 425508
2 80 5 279869 402131 279869
4 55
3 81 1 120161 178585 0
3 82 2 154207 576385 154207
3 83 4 582696 542198 0
2 84 1 6666 424049 0
4 68
2 85 5 6974 190815 6974
3 86 3 68261 264105 68261
4 25
4 17
2 87 3 532596 546589 0
3 88 2 700658 759058 700658
2 89 3 493829 241071 493829
4 79
4 2
2 90 2 450299 623483 40018
3 91 1 290866 396482 290866
3 92 4 881632 421405 0
2 93 4 655746 581174 655746
2 94 1 653369 361340 653369
4 77
2 95 4 434612 467429 434612
3 96 1 481867 499408 481867
2 97 1 565123 589376 0
4 57
2 98 5 344807 680891 344807
5 4 545175
2 99 5 882942 804388 882942
3 100 1 376204 102467 0
2 101 1 657450 87393 657450
5 5 806554
3 102 4 218968 145999 0
4 93
4 43
3 103 4 350993 637819 350993
4 9
2 104 4 148431 124773 148431
4 9
3 105 4 22748 407148 0
4 20
3 106 4 326541 490257 326541
2 107 3 413733 838615 0
3 108 2 194329 201410 154311
3 109 4 73519 252365 0
2 110 5 842995 161368 842995
3 111 1 987570 321445 710405
2 112 2 760832 430558 606521
4 45
4 79
3 113 3 992809 552975 992809
2 114 3 23409 892864 0
4 80
2 115 5 300262 433376 300262
3 116 1 324424 56494 0
2 117 4 642307 597579 315766
4 59
3 118 5 193161 528839 0
2 119 3 393241 380255 393241
2 120 2 264268 266334 264268
3 121 1 120550 631899 120550
3 122 5 2539 478866 0
3 123 5 472681 746210 0
4 99
2 124 4 260080 151792 260080
5 1 236808
2 125 2 480274 892229 0
5 4 545175
3 126 4 48522 507611 0
2 127 5 381339 197081 381339
3 128 3 121529 977276 121529
2 129 5 692959 854529 692959
3 130 5 845767 412234 0
3 131 2 91315 139164 0
4 103
3 132 4 697160 57261 0
2 133 1 115678 32464 115678
2 134 5 703477 448737 703477
3 135 2 919844 503989 919844
3 136 4 869479 997156 869479
4 96
5 3 246112
2 137 4 458828 189132 458828
3 138 5 562328 382794 0
2 139 4 677455 795629 677455
5 3 246112
5 1 236808
3 140 3 395487 561053 395487
3 141 3 120259 617614 120259
2 142 1 803496 572464 0
4 51
2 143 3 428348 277710 428348
3 144 3 284075 188579 0
3 145 4 964372 26930 0
5 5 806554
3 146 3 189302 918493 189302
2 147 4 151098 655455 151098
3 148 5 652479 385358 0
2 149 5 826256 585354 826256
4 38
3 150 3 394065 359647 284899
5 1 256117
5 1 256117
3 151 2 13602 997161 13602
2 152 2 211286 742576 0
2 153 2 750825 11062 750825
4 41
4 149
2 154 3 458480 892420 0
2 155 4 143709 450721 143709
2 156 1 223463 413733 223463
3 157 2 776533 289053 261327
3 158 1 414517 478972 414517
5 4 545175
3 159 5 832322 236298 635387
2 160 4 593815 762181 593815
3 161 1 94273 278312 0
2 162 4 341262 537782 341262
4 157
3 163 5 309742 85220 0
2 164 1 188631 48157 188631
2 165 3 911363 951837 0
2 166 1 430761 881798 0
3 167 1 945505 880126 945505
3 168 5 744233 643057 744233
4 43
2 169 1 200323 558461 0
3 170 2 499596 149362 235328
3 171 5 39458 271938 39458
3 172 5 859332 879265 859332
2 173 2 952883 412518 717555
3 174 2 836151 928334 836151
4 1
2 175 2 192547 133996 192547
3 176 1 564859 916798 564859
5 3 397261
3 177 2 830994 688533 830994
2 178 3 140494 118023 140494
2 179 5 296453 930106 0
3 180 5 898351 638051 898351
4 79
4 162
3 181 3 414397 622019 414397
4 104
3 182 3 227466 51308 0
3 183 1 683938 826774 683938
2 184 4 677247 194267 677247
5 5 806554
2 185 4 672141 839860 672141
3 186 1 553249 426855 553249
4 55
3 187 1 662964 868099 662964
4 121
2 188 1 337945 74399 337945
2 189 1 168864 116053 168864
2 190 2 194793 157317 194793
2 191 3 7432 165025 7432
3 192 3 849845 776348 849845
5 1 380717
2 193 1 946516 118455 946516
3 194 4 378660 295129 0
3 195 4 577056 286508 0
3 196 2 15088 349028 0
2 197 2 879140 447101 879140
3 198 3 121900 221622 0
2 199 4 870750 182224 870750
2 200 3 19124 791763 0
