1 100
5000
100 10
200 0 1
200 1 1
200 0 1
200 0 1
200 0 1
200 0 1
200 1 1
200 0 1
200 0 1
200 1 1
200 0 1
200 0 1
200 1 1
200 1 1
200 1 2
200 1 1
200 0 1
200 1 1
200 1 1
200 1 2
200 1 1
200 1 1
200 1 1
200 1 1
200 1 1
200 1 1
200 1 1
200 1 1
300 13 16 10
200 1 1
200 1 2
200 1 1
200 1 1
200 1 2
200 1 1
200 1 1
200 1 0
200 1 1
200 1 1
200 1 1
200 1 1
200 1 1
200 1 1
200 1 1
200 1 1
200 1 2
300 13 13 12
200 1 1
200 1 1
200 1 1
300 14 13 4
200 1 0
200 1 1
200 1 1
200 1 2
200 1 2
200 1 1
200 1 1
200 1 1
200 1 1
200 1 1
200 1 1
300 16 12 6
200 1 1
200 1 1
200 1 1
200 1 0
200 1 1
200 1 0
200 1 2
200 1 1
300 15 12 7
200 1 1
200 1 1
200 1 0
200 1 0
200 1 1
200 1 1
200 1 1
200 1 1
200 1 1
200 1 1
200 1 1
300 17 13 14
200 1 1
200 1 1
200 1 1
200 1 1
300 14 15 9
200 1 1
200 1 1
200 1 1
200 1 1
200 1 1
200 1 0
200 1 1
200 1 2
200 1 1
200 1 1
200 1 1
200 1 1
200 1 1
200 1 1
200 1 1
200 1 1
200 1 0
200 1 2
200 1 0
200 1 1
200 1 1
200 1 1
300 16 5 10
200 1 0
200 1 1
200 1 1
200 1 1
200 1 1
300 13 0 0
300 16 6 6
200 1 1
200 1 1
200 1 2
200 1 1
200 1 0
200 1 1
200 1 1
200 1 1
200 1 1
300 16 10 13
200 1 1
200 1 1
200 1 1
200 1 0
200 1 1
200 1 1
200 1 1
200 1 1
200 1 1
200 1 1
200 1 1
200 1 0
200 1 1
200 1 1
200 1 1
200 1 1
200 1 1
200 1 1
200 1 1
200 1 1
200 1 1
200 1 2
200 1 2
200 1 1
200 1 1
200 1 1
200 1 0
200 1 1
300 19 13 22
200 1 2
200 1 1
300 20 13 1
200 1 1
300 13 16 17
200 1 1
200 1 1
200 1 1
200 1 1
200 1 1
200 1 1
200 1 1
200 1 1
300 10 0 1
300 14 16 7
200 0 1
200 1 1
200 1 1
200 1 1
200 1 1
200 1 1
200 1 1
200 1 2
200 1 1
200 1 1
200 1 1
200 1 1
200 1 1
200 1 0
300 20 12 3
200 1 1
200 1 1
200 1 1
200 1 1
200 1 1
200 1 1
200 1 1
200 1 0
300 20 6 2
200 1 2
200 1 1
200 1 2
200 1 1
300 18 7 1
200 1 1
200 1 2
200 1 1
300 20 12 12
200 1 0
300 16 16 9
200 1 1
200 1 1
200 1 2
200 1 1
200 1 1
200 1 1
200 1 0
200 1 1
200 1 1
300 17 16 8
200 1 1
200 1 1
200 1 1
200 1 1
300 19 16 2
200 1 0
200 1 1
200 1 1
200 1 1
200 1 1
300 19 19 2
200 1 1
200 1 1
300 17 16 7
200 1 0
200 1 1
200 1 0
200 1 1
200 1 0
200 1 0
200 1 1
300 15 17 2
200 1 1
300 10 0 1
200 0 1
300 10 0 1
200 0 1
300 11 16 12
200 1 1
200 1 1
200 1 2
200 1 2
200 1 1
200 1 1
300 10 1 2
200 0 1
200 0 0
200 0 1
200 0 1
200 0 1
200 0 1
200 0 1
200 0 1
200 0 1
200 0 1
200 0 1
200 0 1
300 18 0 3
200 0 1
200 0 1
200 0 1
300 11 0 10
200 0 1
200 0 1
200 0 1
200 0 1
200 0 1
200 0 1
200 0 1
200 0 1
200 0 1
200 0 1
300 18 0 3
200 0 1
200 0 1
200 0 1
300 1 16 0
300 12 15 2
200 1 1
200 1 2
300 14 0 7
200 0 1
200 0 1
200 0 0
200 0 1
200 0 2
200 0 1
200 0 2
200 0 1
200 0 1
300 11 15 1
200 1 1
300 18 0 1
200 0 1
300 18 1 2
200 0 1
200 0 1
300 13 15 3
200 1 1
200 1 1
200 1 1
200 1 1
200 1 1
200 1 1
200 1 0
200 1 1
200 1 1
200 1 1
200 1 1
200 1 0
200 1 0
200 1 1
200 1 0
300 13 15 15
200 1 1
200 1 1
200 1 1
200 1 1
200 1 1
200 1 1
200 1 1
200 1 1
200 1 1
200 1 0
200 1 2
200 1 1
200 1 1
200 1 1
200 1 1
200 1 1
300 13 9 10
200 1 1
200 1 1
200 1 1
200 1 1
200 1 1
200 1 1
200 1 1
200 1 1
200 1 1
300 13 5 5
200 1 1
200 1 1
200 1 1
200 1 1
200 1 2
200 1 1
200 1 1
300 13 1 3
200 1 1
300 18 0 1
200 0 0
200 0 1
200 0 1
300 20 0 1
200 0 1
300 18 1 4
200 0 2
200 0 1
300 1 5 0
300 13 9 9
200 1 0
200 1 1
200 1 1
200 1 1
200 1 0
200 1 1
200 1 1
200 1 1
200 1 1
200 1 1
200 1 1
200 1 2
200 1 1
200 1 1
200 1 1
300 17 11 9
200 1 1
200 1 1
200 1 1
200 1 1
200 1 1
200 1 1
200 1 1
200 1 1
200 1 1
200 1 0
200 1 0
200 1 1
200 1 1
200 1 0
300 13 12 23
200 1 1
200 1 1
200 1 1
200 1 1
200 1 1
200 1 1
200 1 0
200 1 1
200 1 1
200 1 1
200 1 1
200 1 1
200 1 1
200 1 2
200 1 2
300 16 6 6
200 1 2
200 1 1
200 1 1
200 1 1
300 16 3 1
200 1 1
300 16 0 7
200 0 1
200 0 1
200 1 2
200 0 0
200 1 1
200 0 2
200 0 1
200 0 1
200 1 0
200 1 1
300 16 4 6
200 1 1
200 1 1
200 1 1
200 1 1
300 16 0 6
200 0 0
300 13 15 1
200 0 1
300 16 5 1
200 0 1
300 15 0 1
200 1 1
300 16 2 1
200 1 1
300 13 14 1
200 1 1
300 14 6 1
200 0 1
300 13 10 1
200 1 1
300 13 15 1
200 1 1
300 13 14 1
200 0 1
300 16 1 1
200 1 1
300 16 5 1
200 0 1
300 16 5 1
200 1 1
300 13 7 1
200 0 1
300 13 12 1
200 1 1
300 14 6 1
200 1 1
300 16 3 1
200 1 1
300 16 0 1
200 1 1
300 13 9 13
200 0 1
200 1 1
200 1 1
200 0 1
200 0 1
200 1 1
200 1 1
200 1 1
200 0 1
200 1 1
200 0 1
200 1 1
200 1 1
200 1 1
300 13 3 3
200 1 1
200 1 0
200 1 1
200 1 2
200 1 1
300 13 5 7
200 1 1
200 1 1
200 1 1
200 1 1
200 1 1
300 18 1 0
300 13 10 10
200 1 1
200 1 1
200 1 1
200 1 0
200 1 1
200 1 1
200 1 1
200 1 1
200 1 1
200 1 1
200 1 1
300 13 10 11
200 1 2
300 13 13 4
200 1 1
200 1 1
200 1 1
200 1 0
200 1 1
200 1 1
200 1 1
200 1 1
200 1 1
200 1 1
200 1 2
200 1 1
200 1 1
200 1 2
200 1 1
200 1 2
200 1 1
200 1 1
300 18 9 1
200 1 1
300 18 9 1
200 1 1
300 14 10 14
200 1 1
200 1 1
200 1 1
200 1 1
200 1 1
200 1 1
200 1 1
300 15 0 6
300 18 10 3
200 0 1
200 1 1
200 1 1
200 1 1
300 15 10 6
200 1 1
200 0 1
200 0 1
200 0 0
200 1 0
200 0 1
200 0 1
200 1 1
200 1 1
200 1 1
200 1 2
200 0 1
200 1 1
200 1 1
200 1 1
200 1 1
300 13 10 12
200 1 2
200 0 1
200 1 2
200 0 1
200 1 1
200 1 1
200 1 1
200 1 1
200 1 2
200 0 1
200 0 1
200 0 1
200 0 1
200 0 1
200 0 1
200 0 1
200 0 1
200 0 1
200 0 2
200 0 1
200 0 2
200 0 1
200 0 1
200 0 1
200 0 1
200 0 1
200 0 1
200 0 1
200 0 2
200 0 1
300 12 14 2
200 1 1
200 1 1
300 18 15 12
200 0 0
200 0 1
200 0 1
200 0 1
200 0 0
200 0 1
200 0 1
200 0 1
200 0 1
200 0 1
200 0 0
200 0 1
200 0 1
200 0 1
300 18 15 14
200 0 0
200 0 1
200 0 1
200 0 1
200 0 1
300 18 7 13
200 0 1
200 0 1
200 0 1
200 0 1
200 0 1
200 0 1
200 0 2
200 0 1
200 0 1
300 20 13 1
200 0 2
200 0 1
200 0 1
200 0 1
200 0 1
200 0 1
200 0 1
200 0 1
200 0 1
200 0 1
200 0 0
300 12 10 6
200 1 1
200 1 1
300 18 12 14
300 18 7 5
300 18 3 4
300 11 10 1
200 1 0
200 1 1
200 1 1
200 1 1
200 0 2
200 1 1
200 0 2
200 0 1
200 1 1
200 1 1
200 1 1
200 1 1
200 1 1
200 0 0
200 0 1
300 13 12 14
200 1 1
200 1 1
200 1 1
200 1 1
200 1 1
200 1 1
200 1 1
200 1 1
200 1 1
200 1 1
200 1 1
200 1 1
300 13 12 12
200 1 1
200 1 1
200 1 0
200 1 1
200 1 1
200 1 2
200 1 1
200 1 1
200 1 2
200 1 1
200 1 1
200 1 1
200 1 0
200 1 1
200 1 2
200 1 2
200 1 1
200 1 2
300 19 3 4
300 11 7 1
200 0 1
200 1 1
200 1 1
200 0 1
200 1 1
200 1 1
200 1 1
200 1 1
200 1 1
200 1 1
200 1 0
300 11 14 2
200 1 1
200 1 2
200 1 1
300 13 12 27
200 1 1
200 1 1
200 1 1
200 1 1
200 1 1
200 1 1
200 1 1
200 1 1
200 1 1
300 13 6 3
200 1 1
200 1 1
200 1 1
200 1 1
200 1 1
200 1 1
300 13 6 6
200 1 1
200 1 1
200 1 1
200 1 1
200 1 2
200 1 2
200 1 1
200 1 1
200 1 1
200 1 1
200 1 1
200 1 1
200 1 1
200 1 1
200 1 0
200 1 1
300 12 6 7
200 1 1
200 1 0
200 1 1
300 13 3 9
200 1 1
200 1 1
200 1 1
300 13 14 14
200 1 1
200 1 1
200 1 1
200 1 0
200 1 1
200 1 1
200 1 1
200 1 1
200 1 1
200 1 1
200 1 1
300 18 0 6
300 17 11 4
200 0 1
200 0 1
200 0 1
200 1 2
200 1 1
200 1 0
200 1 1
200 1 1
200 1 1
300 17 9 4
200 1 1
200 1 1
200 1 1
200 1 0
200 1 1
200 1 1
200 1 1
300 19 0 2
300 14 11 12
200 0 1
200 0 2
200 1 1
200 1 0
200 1 0
200 1 0
300 13 14 8
200 1 1
200 1 0
200 1 1
200 1 0
200 1 0
200 1 1
300 13 14 6
200 1 1
200 1 1
200 1 1
200 1 1
200 1 1
200 1 1
200 1 1
200 1 1
200 1 1
200 1 1
200 1 1
200 1 1
200 1 1
200 1 1
300 14 0 7
200 0 1
200 0 2
300 5 13 0
300 13 6 6
200 1 1
200 1 1
200 1 1
200 1 1
200 1 1
200 1 1
300 13 13 13
200 1 2
200 1 0
200 1 2
200 1 2
200 1 1
200 1 1
200 1 1
300 13 16 10
200 1 1
200 1 1
200 1 1
200 1 0
200 1 2
200 1 1
200 1 1
200 1 1
200 1 0
200 1 1
200 1 1
200 1 1
300 14 0 2
300 11 0 3
300 20 19 2
200 0 0
200 1 0
200 0 1
200 1 1
200 0 1
200 1 1
200 0 1
200 0 1
200 0 1
200 0 2
200 1 1
200 1 0
200 0 1
200 1 0
200 0 1
200 1 1
200 0 1
200 0 1
200 1 1
200 0 1
200 1 1
200 0 1
200 0 1
200 0 1
200 0 1
300 15 6 6
200 0 1
200 0 1
200 0 1
200 0 1
200 0 1
200 0 2
200 0 1
200 0 1
200 0 1
200 0 1
200 0 1
200 0 1
300 18 18 2
200 1 1
200 1 1
300 11 4 18
200 0 0
300 19 18 1
200 1 1
300 20 18 10
300 15 16 7
200 1 1
200 1 1
200 1 1
200 1 1
200 1 1
200 1 1
300 13 16 8
200 1 1
200 1 1
200 1 1
200 1 0
200 1 1
200 1 0
200 1 0
200 1 1
300 15 17 1
200 1 1
300 11 4 1
200 0 1
200 0 1
200 0 2
200 0 1
200 0 1
200 0 1
200 0 1
200 0 1
200 0 1
200 0 0
200 0 1
200 0 1
200 0 1
200 0 1
200 0 1
200 0 1
200 0 1
200 0 1
200 0 1
200 0 0
200 0 1
300 17 16 1
200 0 0
200 0 1
200 0 1
200 0 1
200 0 0
300 17 15 4
200 0 1
200 0 2
200 0 0
200 0 1
200 0 1
200 0 0
200 0 0
200 0 1
200 0 1
300 16 6 23
200 0 1
200 0 1
200 0 1
200 0 1
200 0 1
300 15 17 1
200 1 1
300 13 6 8
200 0 1
200 0 1
200 0 1
200 0 2
200 0 1
200 0 1
200 0 1
200 0 1
200 0 1
200 0 1
300 15 6 8
200 0 1
200 0 1
200 0 2
200 0 1
200 0 1
300 11 5 10
200 0 1
200 0 1
200 0 0
300 16 16 5
200 1 1
200 1 0
200 1 2
200 1 1
200 1 1
200 1 1
300 11 0 8
300 11 16 11
200 1 1
200 0 1
200 1 1
200 1 1
200 1 1
200 0 2
200 1 1
200 1 1
200 1 1
200 1 1
200 1 1
200 1 1
300 18 16 3
200 1 1
200 1 1
200 1 1
300 17 4 0
300 11 16 10
200 1 1
200 1 2
200 1 1
200 1 1
200 1 1
200 1 1
200 1 1
200 1 1
200 1 1
200 1 1
200 1 0
200 1 1
200 1 1
200 1 1
200 1 1
200 1 1
200 1 1
200 1 0
200 1 1
200 1 1
300 14 7 8
200 1 1
200 1 1
200 1 1
200 1 1
200 1 1
200 1 1
200 1 1
300 12 8 10
200 1 1
200 1 2
200 1 1
300 12 10 5
200 1 1
200 1 1
200 1 1
200 1 1
200 1 1
200 1 1
200 1 1
200 1 1
200 1 1
200 1 0
200 1 1
200 1 1
200 1 1
200 1 2
200 1 1
300 12 3 8
200 1 1
200 1 1
200 1 1
300 12 15 15
200 1 1
200 1 1
200 1 1
200 1 1
200 1 0
200 1 1
200 1 1
200 1 1
200 1 1
200 1 1
200 1 1
200 1 1
200 1 0
200 1 2
300 12 14 13
200 1 1
200 1 1
200 1 0
200 1 1
200 1 1
200 1 1
200 1 1
200 1 1
200 1 1
200 1 1
200 1 1
300 11 0 2
300 11 8 0
300 10 0 1
300 18 12 3
200 1 1
200 0 1
200 1 0
200 1 1
200 1 0
300 18 12 4
200 1 1
200 1 1
200 1 0
200 1 0
200 1 1
200 1 1
200 1 1
200 1 2
200 1 1
200 1 1
200 1 1
200 1 1
200 1 1
200 1 1
200 1 2
200 1 1
200 1 1
200 1 1
200 1 1
300 20 13 16
200 1 1
200 1 0
200 1 1
200 1 1
200 1 1
200 1 1
200 1 1
200 1 1
200 1 2
200 1 2
200 1 1
200 1 2
300 15 14 6
200 1 1
200 1 1
200 1 1
300 15 14 3
200 1 1
200 1 1
200 1 1
300 19 14 7
200 1 1
200 1 1
200 1 1
200 1 1
200 1 1
200 1 1
200 1 1
300 13 12 17
200 1 1
200 1 1
200 1 1
200 1 1
200 1 1
200 1 1
200 1 1
200 1 1
300 12 16 13
200 1 1
200 1 1
200 1 1
200 1 1
200 1 2
200 1 1
200 1 1
200 1 1
200 1 1
200 1 1
200 1 1
200 1 2
200 1 0
200 1 1
200 1 1
200 1 2
200 1 1
200 1 1
200 1 2
200 1 1
200 1 1
200 1 1
200 1 1
200 1 1
200 1 1
200 1 1
200 1 1
200 1 1
300 12 10 6
200 1 1
200 1 1
200 1 1
200 1 0
200 1 1
300 16 13 20
200 1 1
200 1 0
200 1 1
200 1 1
200 1 0
200 1 1
200 1 1
200 1 1
200 1 1
200 1 1
200 1 1
300 12 16 18
200 1 1
200 1 0
200 1 1
200 1 1
300 10 14 8
200 1 1
200 1 1
200 1 1
200 1 1
200 1 1
200 1 1
200 1 1
300 10 17 4
200 1 1
200 1 1
200 1 1
300 10 19 1
200 1 1
200 1 1
300 10 17 4
200 1 1
200 1 1
200 1 0
200 1 1
200 1 1
200 1 1
200 1 0
200 1 1
200 1 1
200 1 2
200 1 1
200 1 1
200 1 2
200 1 1
200 1 1
200 1 1
200 1 1
300 5 16 7
200 1 2
200 1 1
200 1 1
200 1 1
200 1 1
300 5 17 4
200 1 0
200 1 1
200 1 1
200 1 1
200 1 1
200 1 1
300 9 19 14
200 1 1
200 1 1
200 1 0
200 1 1
200 1 1
200 1 1
200 1 2
200 1 1
200 1 0
300 5 15 1
200 1 0
200 1 1
200 1 1
200 1 1
200 1 1
200 1 1
200 1 2
200 1 1
200 1 1
200 1 1
200 1 2
200 1 1
200 1 1
200 1 1
200 1 1
200 1 1
200 1 1
200 1 1
200 1 1
200 1 1
200 1 1
200 1 1
300 5 9 16
200 1 1
200 1 1
200 1 1
200 1 1
200 1 1
200 1 0
200 1 0
200 1 1
200 1 1
200 1 2
200 1 1
200 1 1
200 1 1
300 6 7 4
200 1 1
200 1 1
200 1 1
200 1 1
200 1 1
200 1 1
200 1 1
200 1 1
300 5 14 22
200 1 1
200 1 1
200 1 1
200 1 1
200 1 0
200 1 1
200 1 1
200 1 1
200 1 2
200 1 1
200 1 2
200 1 2
200 1 2
300 5 15 14
200 1 1
200 1 1
200 1 1
200 1 1
200 1 1
200 1 1
300 7 15 8
200 1 1
200 1 2
200 1 2
200 1 1
200 1 1
200 1 0
200 1 2
200 1 1
200 1 1
200 1 1
300 5 20 1
200 1 1
300 9 19 16
200 1 1
200 1 1
200 1 2
200 1 1
300 10 19 5
200 1 1
200 1 2
200 1 1
200 1 1
200 1 0
300 10 1 2
300 6 9 0
300 13 20 1
200 0 1
200 1 1
200 0 1
200 1 0
300 11 20 4
200 1 1
200 1 0
300 10 1 2
300 10 20 3
200 1 1
300 20 2 0
300 10 15 6
200 0 1
200 1 2
200 1 1
200 1 1
200 0 1
200 1 1
200 1 1
200 1 0
200 1 2
200 1 1
200 1 2
200 1 1
200 1 1
200 1 0
200 1 1
200 1 2
200 1 1
200 1 1
200 1 2
200 1 1
200 1 1
200 1 1
200 1 0
200 1 1
200 1 1
200 1 1
200 1 1
200 1 1
200 1 1
200 1 2
200 1 2
200 1 0
200 1 1
200 1 1
200 1 2
200 1 1
200 1 1
200 1 1
200 1 1
200 1 1
200 1 1
200 1 2
200 1 1
200 1 1
200 1 1
200 1 1
200 1 1
200 1 1
200 1 1
300 15 9 26
200 1 0
200 1 1
200 1 1
200 1 1
200 1 1
200 1 1
300 16 10 8
200 1 1
200 1 1
200 1 1
200 1 1
200 1 1
200 1 1
300 15 16 19
200 1 1
200 1 1
200 1 1
200 1 2
200 1 1
200 1 1
200 1 2
200 1 1
200 1 1
200 1 1
200 1 1
200 1 0
200 1 1
200 1 1
300 15 16 14
200 1 1
200 1 2
200 1 1
200 1 1
200 1 1
200 1 1
200 1 1
300 11 15 12
200 1 1
200 1 1
200 1 1
200 1 1
200 1 2
200 1 1
200 1 1
200 1 1
300 10 1 2
200 1 1
200 0 1
200 0 1
200 1 1
200 1 1
200 1 1
200 1 2
200 1 1
200 1 0
200 1 0
200 1 1
200 1 1
200 1 1
200 1 1
200 1 0
200 1 1
200 1 1
200 1 2
200 1 1
200 1 1
300 14 7 13
200 1 1
200 1 1
200 1 1
200 1 1
300 15 15 13
200 1 1
200 1 1
200 1 1
200 1 1
200 1 1
300 14 15 6
200 1 1
200 1 0
200 1 1
200 1 1
200 1 1
200 1 1
200 1 1
300 10 1 2
300 15 18 3
200 0 1
200 1 1
200 1 2
200 0 1
200 1 1
200 1 1
200 1 1
200 1 1
200 1 0
200 1 1
300 15 19 7
200 1 1
200 1 2
200 1 1
200 1 1
200 1 2
200 1 1
200 1 1
200 1 1
200 1 1
200 1 2
200 1 1
200 1 1
300 17 15 2
200 1 2
200 1 2
300 17 15 2
200 1 1
200 1 2
200 1 1
200 1 1
200 1 1
200 1 1
300 18 20 12
200 1 1
200 1 1
200 1 1
300 20 20 1
200 1 1
300 14 15 12
200 1 1
200 1 1
200 1 1
200 1 1
200 1 1
200 1 1
200 1 1
300 17 15 4
200 1 1
200 1 1
200 1 1
300 14 15 6
200 1 2
200 1 1
200 1 1
200 1 1
200 1 1
200 1 2
200 1 1
200 1 0
200 1 1
200 1 1
200 1 1
200 1 1
200 1 1
200 1 1
200 1 1
200 1 1
200 1 1
200 1 0
200 1 1
200 1 1
200 1 1
200 1 1
200 1 1
200 1 1
200 1 1
200 1 1
300 14 11 22
200 1 2
200 1 2
200 1 1
200 1 0
200 1 1
200 1 2
200 1 2
200 1 1
200 1 0
300 14 13 11
200 1 1
200 1 1
200 1 1
200 1 1
200 1 1
200 1 1
200 1 0
200 1 0
200 1 1
200 1 1
200 1 1
200 1 1
200 1 1
200 1 1
200 1 1
200 1 0
300 14 13 16
200 1 1
200 1 0
200 1 1
200 1 1
200 1 1
200 1 1
200 1 1
200 1 1
300 14 12 7
200 1 1
200 1 1
200 1 1
200 1 1
200 1 1
200 1 1
200 1 1
200 1 1
200 1 0
200 1 1
200 1 2
200 1 1
200 1 1
200 1 1
200 1 1
300 14 4 7
200 1 1
200 1 1
200 1 1
200 1 0
200 1 2
200 1 1
300 14 9 11
200 1 1
200 1 1
200 1 0
200 1 1
200 1 1
200 1 1
200 1 1
200 1 1
200 1 1
300 14 14 14
200 1 0
200 1 2
200 1 1
200 1 1
200 1 2
200 1 1
200 1 1
200 1 1
300 10 0 1
300 14 14 8
200 0 1
200 1 1
200 1 1
200 1 1
200 1 1
200 1 1
200 1 2
200 1 1
200 1 1
200 1 0
200 1 1
200 1 1
200 1 1
200 1 1
200 1 1
200 1 1
200 1 1
200 1 1
200 1 1
300 13 9 12
200 1 1
200 1 1
200 1 1
300 10 1 2
200 0 1
200 0 1
300 10 1 2
200 0 1
200 0 1
300 10 0 1
200 0 1
300 12 9 2
200 1 0
200 1 1
200 1 0
200 1 2
200 1 1
200 1 1
200 1 0
200 1 1
200 1 1
200 1 1
200 1 2
200 1 1
200 1 0
200 1 1
200 1 1
200 1 1
300 18 2 3
200 1 1
200 1 1
300 14 10 18
200 1 1
200 1 1
200 1 1
200 1 1
200 1 1
200 1 1
200 1 1
200 1 0
200 1 1
200 1 1
200 1 1
200 1 1
200 1 1
200 1 0
200 1 1
200 1 1
200 1 1
200 1 1
200 1 1
200 1 0
200 1 1
200 1 1
200 1 1
200 1 1
200 1 1
300 17 3 15
200 1 1
200 1 1
200 1 0
200 1 1
200 1 1
200 1 0
200 1 1
200 1 0
200 1 1
200 1 2
200 1 1
200 1 2
200 1 1
200 1 1
200 1 1
200 1 0
300 15 4 5
200 1 2
200 1 1
200 1 1
200 1 1
200 1 1
200 1 2
200 1 1
200 1 1
200 1 0
200 1 1
200 1 1
200 1 1
200 1 1
200 1 1
200 1 2
200 1 1
200 1 1
300 19 15 2
200 1 1
200 1 1
300 18 9 9
200 1 1
200 1 1
200 1 0
200 1 1
200 1 1
200 1 1
200 1 1
200 1 0
200 1 1
200 1 1
200 1 2
200 1 1
200 1 1
200 1 1
200 1 2
200 1 1
200 1 1
200 1 1
300 17 16 6
200 1 2
200 1 1
200 1 1
200 1 1
300 17 9 17
200 1 1
200 1 1
200 1 1
200 1 1
300 17 4 13
200 1 1
300 10 0 1
200 0 1
300 18 6 4
200 1 0
200 1 1
200 1 2
200 1 1
200 1 1
200 1 1
300 19 5 8
200 1 2
200 1 1
300 14 9 15
200 1 1
200 1 1
200 1 2
200 1 1
200 1 1
200 1 1
300 10 0 1
200 0 1
300 14 15 12
200 1 0
200 1 1
200 1 1
200 1 1
200 1 1
200 1 1
300 14 15 6
200 1 1
200 1 1
200 1 1
200 1 0
200 1 1
200 1 1
200 1 1
200 1 1
200 1 1
300 17 19 2
200 1 1
200 1 1
300 17 18 3
200 1 1
200 1 1
200 1 1
300 17 18 3
200 1 0
200 1 1
200 1 0
200 1 2
200 1 1
200 1 1
200 1 0
200 1 1
300 16 15 12
200 1 0
200 1 1
200 1 1
200 1 0
200 1 1
200 1 1
200 1 1
200 1 1
200 1 1
200 1 0
200 1 0
200 1 1
200 1 2
200 1 1
300 16 17 12
200 1 1
200 1 0
200 1 1
200 1 1
200 1 1
200 1 1
200 1 1
200 1 1
200 1 0
200 1 1
200 1 1
200 1 1
200 1 1
200 1 1
200 1 1
200 1 1
200 1 1
200 1 1
200 1 2
200 1 1
200 1 2
200 1 1
200 1 1
200 1 0
200 1 1
200 1 1
200 1 1
200 1 1
200 1 1
200 1 1
200 1 1
300 3 11 4
200 1 1
200 1 1
200 1 1
200 1 1
300 9 12 17
200 1 0
300 12 18 10
200 1 1
200 1 1
200 1 0
200 1 1
200 1 2
200 1 0
200 1 1
200 1 1
200 1 1
200 1 1
200 1 1
200 1 1
200 1 1
200 1 1
200 1 2
200 1 1
200 1 1
200 1 0
200 1 1
200 1 1
200 1 1
200 1 1
200 1 1
200 1 1
200 1 1
300 6 7 8
200 1 1
200 1 1
200 1 1
200 1 1
200 1 1
200 1 1
200 1 2
300 6 7 7
200 1 2
200 1 1
200 1 1
200 1 1
200 1 1
200 1 1
200 1 0
200 1 1
200 1 1
200 1 1
200 1 1
200 1 1
200 1 1
300 9 11 20
200 1 1
200 1 1
200 1 1
200 1 1
200 1 1
200 1 1
200 1 1
200 1 1
200 1 1
200 1 1
200 1 1
200 1 1
300 9 1 2
200 1 0
300 14 18 23
200 1 1
200 1 1
200 1 1
200 1 1
200 1 1
200 1 2
200 1 1
200 1 1
300 14 6 0
300 14 15 15
200 1 1
200 1 1
200 1 1
200 1 1
200 1 1
200 1 1
200 1 1
300 15 15 6
200 1 1
200 1 1
200 1 1
200 1 1
200 1 0
200 1 1
200 1 1
200 1 1
200 1 1
200 1 0
200 1 1
200 1 0
200 1 1
200 1 0
200 1 1
300 19 17 9
200 1 1
200 1 1
200 1 1
200 1 1
300 19 17 4
200 1 1
300 19 16 2
200 1 1
200 1 1
200 1 1
200 1 1
200 1 1
300 19 20 1
200 1 1
300 16 15 9
200 1 1
200 1 1
200 1 1
200 1 1
200 1 1
300 10 1 2
300 16 15 5
200 1 2
200 0 0
200 1 1
200 1 2
200 1 1
200 0 2
200 1 1
200 1 1
200 1 2
200 0 2
200 1 1
200 0 1
200 0 1
200 0 0
300 8 0 1
200 0 1
200 0 1
200 0 1
200 0 1
200 0 1
200 0 1
200 0 1
200 0 1
200 0 2
200 0 1
200 0 1
200 0 2
200 0 1
200 0 1
200 0 0
200 0 1
200 0 0
200 0 1
200 0 0
200 0 1
300 4 0 16
200 0 1
200 0 1
200 0 1
200 0 1
200 0 1
300 7 0 8
200 0 1
200 0 0
300 8 0 3
200 0 2
200 0 2
200 0 1
300 14 13 4
200 1 0
200 1 1
200 1 1
200 1 2
200 1 1
200 1 2
200 1 1
200 1 1
200 1 1
200 1 2
200 1 2
200 1 1
200 1 1
200 1 0
300 12 13 6
300 8 1 2
200 0 1
200 0 1
200 0 1
200 1 1
200 0 1
200 0 1
200 1 1
200 0 1
200 0 1
200 0 1
200 0 1
200 0 1
200 0 1
200 0 1
200 0 0
200 0 1
200 0 2
200 0 0
200 0 2
200 0 1
200 0 1
200 0 1
200 0 1
200 0 1
200 0 1
300 14 10 7
200 1 1
200 1 1
200 1 1
200 1 1
200 1 1
200 1 1
200 1 1
200 1 1
200 1 1
200 1 1
200 1 1
300 8 11 13
300 14 5 6
200 1 1
200 1 1
200 1 1
200 1 1
200 1 1
200 0 1
200 0 1
200 0 1
200 0 1
200 1 1
300 14 0 1
200 1 1
300 8 9 6
300 14 2 3
200 0 0
200 1 2
200 1 1
200 0 1
200 1 1
200 1 1
200 0 1
200 0 1
200 0 1
200 0 0
200 0 1
200 0 0
200 0 1
200 0 1
200 0 1
200 0 1
300 3 9 7
200 0 1
200 0 1
200 0 1
200 0 1
300 14 3 5
200 1 1
200 1 1
200 1 1
200 1 1
300 0 9 1
300 8 7 10
300 14 3 4
200 1 1
200 0 1
200 1 1
200 1 1
200 1 2
200 1 1
200 1 1
200 0 1
200 0 1
200 0 1
200 0 1
200 0 1
200 0 2
200 0 1
300 11 6 0
300 14 0 3
200 1 1
300 14 11 12
200 1 1
200 1 1
200 1 1
200 1 1
200 1 0
200 1 1
200 1 1
200 1 1
200 1 1
200 1 1
200 1 1
300 0 5 0
300 14 7 7
200 1 1
200 1 1
200 1 1
200 1 2
200 1 1
200 1 1
200 1 1
300 13 4 3
200 1 0
200 1 1
200 1 1
200 1 1
200 1 1
300 13 2 3
200 1 1
200 1 1
200 1 1
300 14 11 13
200 1 1
200 1 1
200 1 1
200 1 2
200 1 1
200 1 1
200 1 1
300 8 12 3
200 0 1
200 0 1
200 0 1
200 0 2
200 0 1
300 14 12 8
200 1 1
200 1 1
300 8 13 4
200 1 1
200 1 0
200 0 1
200 1 1
200 1 1
200 1 1
200 1 2
200 1 1
200 0 2
200 0 1
200 1 2
200 1 1
200 1 1
200 1 1
200 1 1
200 1 1
200 1 1
200 1 1
300 8 10 6
200 0 1
200 0 1
200 0 1
200 0 1
200 0 1
200 0 1
200 0 1
200 0 1
200 0 1
200 0 1
200 0 1
300 15 7 5
200 1 1
200 1 1
200 1 1
200 1 1
200 1 1
300 8 17 4
200 0 1
200 0 1
200 0 1
200 0 1
300 8 6 15
200 0 1
200 0 1
200 0 2
200 0 1
300 14 12 17
200 1 1
200 1 2
200 1 1
200 1 2
200 1 1
200 1 1
200 1 1
300 10 0 12
200 0 1
200 0 1
200 0 1
200 0 1
200 0 0
300 11 1 7
200 0 1
200 0 1
200 0 1
200 0 1
200 0 1
200 0 1
200 0 1
200 0 1
200 0 0
200 0 1
200 0 1
200 0 1
200 0 1
200 0 2
200 0 1
300 13 11 5
200 1 1
200 1 1
200 1 1
300 13 1 13
200 0 1
200 0 1
200 0 1
200 0 1
200 0 1
200 0 2
200 0 1
300 15 1 5
200 0 1
200 0 1
200 0 1
200 0 1
200 0 1
200 0 0
200 0 1
200 0 1
200 0 1
200 0 0
200 0 1
200 0 1
200 0 0
200 0 1
200 0 0
200 0 0
200 0 1
300 17 3 3
200 0 2
200 0 2
200 0 1
200 0 1
200 0 1
200 0 1
200 0 1
200 0 1
200 0 1
200 0 1
200 0 2
200 0 1
200 0 1
200 0 1
200 0 2
200 0 2
200 0 1
200 0 1
200 0 1
300 16 8 13
200 0 1
200 0 1
200 0 2
200 0 1
200 0 1
200 0 1
200 0 1
300 16 5 10
200 0 1
200 0 1
200 0 1
200 0 0
200 0 1
200 0 1
200 0 1
200 0 1
200 0 0
200 0 0
200 0 1
200 0 1
200 0 1
200 0 1
300 18 5 20
200 0 1
200 0 1
200 0 1
200 0 1
200 0 1
200 0 1
200 0 1
200 0 0
200 0 1
200 0 2
300 17 5 9
200 0 1
200 0 1
200 0 1
200 0 2
200 0 1
200 0 1
200 0 2
200 0 1
200 0 1
200 0 1
200 0 1
200 0 1
200 0 1
300 19 5 15
200 0 1
200 0 2
200 0 1
200 0 1
200 0 1
200 0 1
200 0 1
200 0 1
200 0 1
200 0 1
200 0 1
200 0 1
200 0 0
200 0 0
200 0 1
200 0 1
200 0 1
200 0 1
200 0 1
200 0 1
200 0 1
200 0 1
200 0 0
300 17 13 7
200 0 1
200 0 1
200 0 1
200 0 1
200 0 1
200 0 1
200 0 1
200 0 1
200 0 1
200 0 1
200 0 1
200 0 1
300 17 2 1
200 0 1
300 20 5 29
200 0 1
200 0 0
200 0 2
200 0 1
200 0 1
200 0 1
200 0 1
200 0 1
200 0 1
200 0 1
200 0 1
200 0 1
200 0 1
200 0 1
200 0 1
200 0 1
200 0 1
300 17 1 24
200 0 1
200 0 1
200 0 1
200 0 2
200 0 1
300 13 11 3
200 1 2
200 1 1
200 1 1
200 1 1
300 14 13 7
200 1 1
200 1 2
200 1 1
300 20 0 1
200 0 1
300 16 1 6
200 0 1
200 0 1
200 0 0
200 0 2
200 0 0
200 0 1
200 0 1
200 0 1
200 0 0
200 0 1
200 0 0
200 0 1
200 0 1
200 0 1
200 0 1
300 18 2 12
200 0 1
200 0 1
200 0 1
200 0 0
200 0 1
200 0 1
200 0 2
200 0 1
200 0 1
200 0 1
200 0 1
200 0 1
200 0 1
200 0 1
300 13 1 20
200 0 1
200 0 1
200 0 1
200 0 2
200 0 1
300 14 1 4
200 0 1
200 0 0
200 0 0
200 0 1
200 0 1
200 0 1
200 0 1
300 14 2 4
200 0 1
200 0 2
200 0 1
200 0 0
200 0 1
200 0 1
300 14 1 9
200 0 1
200 0 1
200 0 1
200 0 1
200 0 0
200 0 1
200 0 1
200 0 1
200 0 1
200 0 1
200 0 1
200 0 1
200 0 1
200 0 1
200 0 1
200 0 0
200 0 1
200 0 1
200 0 1
200 0 1
200 0 1
200 0 1
200 0 1
300 18 5 15
200 0 1
200 0 1
200 0 1
200 0 1
200 0 1
200 0 1
200 0 1
200 0 1
200 0 1
200 0 1
200 0 1
200 0 2
300 18 1 16
200 0 1
200 0 1
200 0 2
200 0 1
300 15 1 7
200 0 1
200 0 1
200 0 0
200 0 1
200 0 1
200 0 1
200 0 1
200 0 1
200 0 0
200 0 1
200 0 1
200 0 1
200 0 1
200 0 1
200 0 1
300 17 3 11
200 0 2
200 0 1
200 0 1
200 0 1
300 17 3 4
200 0 1
200 0 2
200 0 2
200 0 0
200 0 1
200 0 0
200 0 1
200 0 1
200 0 1
200 0 0
200 0 1
200 0 1
200 0 0
200 0 1
200 0 1
300 17 3 15
200 0 1
200 0 1
200 0 1
200 0 1
200 0 1
200 0 0
200 0 1
200 0 1
200 0 1
200 0 1
200 0 0
200 0 1
200 0 1
200 0 1
200 0 1
200 0 1
200 0 1
300 12 6 5
200 0 1
200 0 2
200 0 1
300 13 13 2
200 1 0
200 1 0
200 1 1
200 1 1
200 1 1
200 1 1
200 1 1
200 1 1
200 1 1
300 17 3 15
300 15 13 11
200 1 1
200 0 1
200 0 1
200 1 1
200 1 1
200 0 1
200 1 2
200 1 1
200 0 1
200 0 1
200 0 1
200 0 1
200 0 0
200 0 1
200 0 1
200 0 1
200 0 1
200 0 1
200 0 1
300 17 5 12
200 0 1
200 0 1
200 0 1
200 0 1
200 0 1
200 0 1
200 0 1
200 0 1
200 0 1
200 0 1
200 0 1
200 0 1
200 0 1
200 0 0
200 0 1
200 0 1
200 0 1
200 0 1
200 0 1
200 0 1
200 0 1
200 0 1
200 0 1
200 0 1
200 0 1
200 0 2
200 0 1
200 0 1
300 5 19 2
200 0 2
200 0 1
200 0 1
200 0 2
300 17 10 25
200 0 1
200 0 2
200 0 1
200 0 2
200 0 1
200 0 1
200 0 1
200 0 1
200 0 1
200 0 1
200 0 2
200 0 1
300 19 9 7
200 0 1
200 0 1
200 0 1
200 0 1
200 0 2
200 0 2
200 0 1
200 0 1
200 0 0
300 18 11 12
200 0 1
200 0 1
200 0 1
300 18 11 3
200 0 2
200 0 0
200 0 1
200 0 1
300 18 10 3
200 0 1
200 0 1
200 0 1
200 0 0
200 0 1
200 0 1
300 17 7 12
200 0 1
200 0 1
200 0 1
200 0 1
200 0 1
200 0 1
200 0 1
200 0 1
200 0 1
200 0 1
200 0 1
200 0 1
200 0 1
200 0 1
300 17 9 12
200 0 1
200 0 1
200 0 1
200 0 1
200 0 1
200 0 1
200 0 1
200 0 1
200 0 1
200 0 1
200 0 1
200 0 1
300 17 3 18
200 0 1
200 0 1
200 0 1
200 0 1
200 0 1
200 0 0
200 0 1
200 0 2
200 0 1
200 0 1
200 0 0
200 0 1
200 0 2
200 0 1
300 15 8 7
200 0 1
200 0 0
200 0 1
200 0 1
200 0 0
200 0 0
200 0 1
200 0 1
300 12 13 2
200 1 1
200 1 2
200 1 1
300 15 7 1
200 0 0
300 15 1 19
200 0 1
200 0 2
200 0 1
300 16 13 7
200 1 1
200 1 1
200 1 0
200 1 1
200 1 1
200 1 1
200 1 1
300 17 11 4
200 1 1
200 1 1
200 1 0
200 1 1
200 1 1
200 1 1
200 1 1
200 1 1
200 1 0
200 1 1
200 1 2
200 1 1
200 1 1
200 1 1
300 18 17 5
200 1 1
200 1 1
200 1 1
200 1 1
200 1 1
200 1 1
200 1 1
200 1 1
200 1 1
200 1 1
200 1 1
200 1 1
200 1 1
200 1 1
200 1 1
200 1 1
200 1 1
200 1 1
200 1 1
300 18 17 19
200 1 1
200 1 1
200 1 1
200 1 1
200 1 1
200 1 1
200 1 1
200 1 1
200 1 1
200 1 0
200 1 1
200 1 1
200 1 1
200 1 1
200 1 2
200 1 1
200 1 1
200 1 0
200 1 1
200 1 0
200 1 1
200 1 1
200 1 1
300 17 7 0
300 19 11 30
200 1 1
200 1 0
200 1 1
200 1 1
200 1 1
200 1 1
200 1 1
200 1 1
200 1 1
200 1 1
200 1 1
300 18 11 12
200 1 1
200 1 1
200 1 1
300 16 1 2
300 16 12 6
200 1 1
200 1 1
200 1 1
200 1 1
200 0 1
200 1 2
200 0 1
200 1 1
200 0 1
200 0 1
200 0 1
200 1 1
200 1 1
200 1 1
200 1 1
300 16 8 6
200 1 1
200 1 1
200 1 1
300 16 12 7
200 1 1
200 1 1
200 1 1
200 1 1
200 1 1
200 1 2
200 1 1
200 1 1
200 1 2
200 1 1
200 1 1
200 1 1
200 1 2
200 1 1
200 1 1
300 15 1 6
200 0 1
200 0 1
200 0 1
200 0 0
200 0 1
200 0 1
200 0 1
200 0 1
200 0 1
200 0 1
200 0 1
200 0 1
300 16 7 10
200 1 1
200 0 1
200 0 1
200 1 1
200 0 1
200 1 1
200 0 1
200 0 1
200 1 2
200 1 1
200 1 1
200 1 2
200 1 1
200 1 1
200 1 1
200 1 1
200 1 2
200 0 1
200 0 1
200 0 1
200 0 1
200 1 1
200 1 1
200 0 1
300 18 1 19
200 0 1
200 0 1
200 0 1
300 13 7 5
200 1 1
200 1 1
200 1 2
200 1 1
200 1 1
300 13 8 4
200 1 1
200 1 0
200 1 1
200 1 1
300 13 8 4
200 1 1
200 1 1
200 1 0
200 1 1
200 1 1
300 16 12 20
200 1 1
200 1 1
200 1 1
200 1 1
200 1 1
200 1 1
200 1 0
200 1 1
200 1 2
200 1 1
200 1 1
200 1 2
200 1 1
200 1 1
200 1 0
200 1 1
300 16 9 13
200 1 0
200 1 1
200 1 1
200 1 1
200 1 0
200 1 1
200 1 0
200 1 0
200 1 1
300 16 11 11
200 1 1
200 1 1
200 1 1
200 1 1
200 1 0
200 1 1
200 1 0
200 1 1
200 1 2
200 1 1
200 1 1
300 16 1 5
300 16 10 10
200 1 1
200 1 1
200 0 1
200 0 0
200 1 0
200 0 1
200 1 1
200 0 1
200 1 1
200 0 1
200 0 1
200 1 1
200 1 0
200 0 1
200 1 1
200 1 1
200 1 1
200 1 1
200 1 1
200 1 1
200 1 1
200 0 1
200 1 0
200 1 1
200 1 1
200 1 1
200 1 1
200 1 1
200 1 1
200 1 1
200 1 1
200 1 1
200 1 1
200 1 1
200 1 0
200 1 1
200 1 1
200 1 1
200 1 1
200 1 1
200 1 2
200 1 1
200 1 0
200 1 1
200 1 0
200 1 1
200 1 1
200 1 1
300 6 9 5
200 1 1
200 1 1
200 1 1
200 1 1
200 1 1
200 1 1
200 1 2
200 1 1
200 1 1
200 1 1
200 1 1
200 1 1
200 1 1
300 15 1 9
300 0 3 1
200 1 1
300 14 16 28
200 1 0
200 0 1
200 0 2
200 0 1
300 16 16 3
200 1 1
200 1 0
300 18 8 16
200 1 1
200 1 1
200 1 0
200 1 1
200 1 1
200 1 1
200 1 1
200 1 0
200 1 1
200 1 0
200 1 1
200 1 1
200 1 1
200 1 2
200 1 1
300 20 10 11
200 1 1
200 1 1
200 1 1
200 1 1
200 1 1
200 1 1
300 14 1 4
200 1 1
200 1 1
200 1 1
200 0 1
200 0 1
200 1 2
300 16 12 20
200 1 1
200 0 0
200 0 1
200 0 1
200 1 1
200 1 1
200 0 2
200 0 1
200 1 2
200 1 1
200 1 1
200 0 1
200 0 1
200 1 1
200 0 1
200 1 1
200 1 1
300 16 10 7
200 1 1
200 1 1
200 1 1
200 1 1
200 1 1
200 1 0
200 1 2
300 17 4 4
200 1 0
200 1 2
200 1 1
200 1 1
200 1 1
200 1 1
300 18 1 2
200 1 2
200 1 1
300 16 6 9
200 1 1
200 0 1
200 1 1
200 0 1
200 0 0
200 0 1
200 0 1
200 0 1
200 0 1
200 0 1
200 0 1
200 0 1
200 0 1
200 0 1
200 0 1
200 0 1
200 0 1
200 0 1
200 0 1
200 0 1
200 0 1
300 19 9 12
200 0 1
200 0 1
200 0 2
200 0 2
200 0 0
300 19 7 7
200 0 1
200 0 1
200 0 0
200 0 1
200 0 1
300 16 3 12
200 0 1
200 1 1
300 16 12 1
200 0 1
300 16 14 1
200 1 2
200 1 1
200 1 1
200 1 1
200 1 1
200 1 0
200 1 1
200 1 1
200 1 1
200 1 1
200 1 2
300 15 14 10
200 1 1
200 1 0
200 1 1
200 1 1
200 1 1
200 1 1
200 1 1
200 1 0
200 1 1
300 14 10 4
200 1 1
200 1 1
200 1 1
200 1 1
200 1 1
200 1 1
200 1 1
200 1 1
200 1 0
300 16 1 13
200 0 1
200 1 1
200 1 1
200 1 1
200 0 1
200 1 1
200 1 1
200 0 1
200 0 1
200 1 1
300 14 13 18
200 1 1
200 1 1
200 0 1
200 1 1
200 1 0
200 1 1
200 1 1
200 1 0
200 1 1
200 1 1
200 1 1
200 1 1
200 1 1
200 1 1
200 1 0
200 1 1
200 1 1
200 1 1
200 1 1
200 1 1
200 1 1
200 1 1
200 1 1
200 1 1
200 1 0
200 1 0
200 1 1
200 1 1
200 1 1
200 1 1
200 1 1
200 1 1
200 1 1
200 1 1
200 1 1
300 8 17 12
200 1 1
200 1 1
200 1 0
200 1 2
200 1 1
200 1 2
200 1 1
200 1 0
200 1 2
200 1 0
200 1 0
200 1 0
300 16 17 20
200 1 1
200 1 1
200 1 0
200 1 1
300 17 14 8
300 17 12 2
200 1 1
200 1 1
200 1 1
200 1 1
200 1 1
200 1 1
200 1 1
200 1 1
200 1 1
300 16 14 20
300 11 1 10
200 1 1
200 1 1
200 1 1
200 1 1
200 1 1
200 0 1
200 0 2
200 1 1
200 1 1
200 1 1
200 1 1
200 0 1
200 1 2
200 1 1
200 1 0
200 1 0
200 1 1
200 1 1
200 1 0
200 1 1
200 1 1
200 1 1
200 1 1
200 1 1
200 1 1
200 1 1
200 1 1
200 1 1
200 1 1
200 1 1
200 1 1
200 1 2
200 1 1
200 1 2
200 1 2
200 1 1
300 12 0 1
200 0 1
300 16 8 27
200 1 2
200 1 1
200 1 2
200 1 2
200 1 1
300 16 12 9
200 1 0
200 1 2
200 1 1
200 1 1
200 1 1
200 1 1
200 1 1
200 1 1
200 1 1
200 1 1
200 1 1
200 1 1
200 1 1
200 1 1
300 17 3 4
200 1 1
200 1 1
200 1 1
200 1 1
300 17 8 9
200 1 1
200 1 1
200 1 0
200 1 1
200 1 2
200 1 1
200 1 0
200 1 2
200 1 1
200 1 1
200 1 2
200 1 1
200 1 2
200 1 1
200 1 1
200 1 1
200 1 1
300 17 8 17
200 1 0
200 1 1
200 1 1
200 1 1
300 20 8 1
200 1 0
200 1 0
200 1 1
200 1 1
300 16 13 13
200 1 1
200 1 1
200 1 1
200 1 1
200 1 2
200 1 1
200 1 1
200 1 1
200 1 2
200 1 2
200 1 0
200 1 2
200 1 1
200 1 1
300 13 11 3
200 1 0
200 1 1
200 1 1
300 16 14 15
200 1 1
200 1 1
200 1 1
200 1 0
200 1 1
200 1 1
200 1 0
200 1 2
200 1 0
200 1 1
200 1 1
200 1 1
200 1 2
300 5 2 0
300 12 0 1
300 12 1 1
300 20 16 1
200 0 1
200 1 1
200 0 1
200 1 1
200 0 1
200 1 2
300 20 14 5
200 0 1
200 0 1
200 1 1
200 0 1
200 0 1
200 0 1
200 0 0
200 0 1
200 0 1
200 1 1
200 1 1
200 1 1
200 1 1
200 1 1
200 0 1
200 1 1
300 13 1 11
300 20 12 9
200 1 1
300 18 11 4
200 1 1
200 1 1
200 0 1
200 0 1
200 0 2
200 1 2
200 1 0
300 16 15 10
200 1 2
200 1 1
200 0 1
200 1 1
200 1 1
200 1 1
200 1 1
200 1 1
200 1 1
200 1 2
200 1 2
200 1 1
200 1 1
200 1 1
200 1 0
200 1 1
200 1 1
200 1 1
200 1 0
200 1 1
200 1 0
200 1 1
200 1 1
200 1 1
300 14 9 1
200 1 1
300 16 13 21
200 1 2
200 1 1
200 1 1
200 1 0
200 1 1
200 1 1
200 1 1
200 1 1
200 1 1
200 1 1
200 1 1
200 1 1
200 1 1
200 1 1
200 1 1
300 16 14 16
200 1 1
200 1 1
200 1 1
200 1 1
200 1 1
200 1 2
200 1 1
200 1 1
200 1 1
200 1 2
200 1 1
200 1 1
200 1 1
200 1 1
200 1 2
200 1 1
200 1 2
200 1 1
200 1 1
200 1 1
200 1 1
300 11 6 0
300 14 11 2
200 1 1
200 1 2
200 1 1
300 12 13 9
200 1 1
200 1 1
300 13 1 4
200 0 1
200 0 1
200 0 2
200 0 1
300 14 9 8
200 1 1
200 1 1
200 1 1
200 1 1
300 15 1 2
200 0 1
200 0 1
200 0 1
200 0 1
200 0 0
200 0 1
200 0 1
200 0 2
200 0 1
300 0 4 0
300 16 13 10
200 1 0
200 1 1
200 1 0
200 1 2
200 1 1
200 1 1
300 20 4 1
300 16 1 7
300 13 5 0
300 19 14 2
200 0 1
200 1 1
200 1 1
300 18 13 4
200 0 1
200 1 1
200 1 1
200 1 1
300 16 13 5
200 1 1
200 1 1
200 0 1
200 1 2
200 0 1
200 1 1
200 0 0
200 1 0
200 1 0
200 0 1
200 0 0
200 0 1
200 0 1
200 1 1
200 1 1
200 1 1
200 0 2
200 0 1
200 1 1
200 0 0
200 0 1
200 0 1
200 1 1
200 0 1
200 0 1
200 0 1
200 0 1
200 1 0
200 1 1
200 1 1
200 1 1
200 1 1
200 1 1
200 1 1
200 1 1
200 1 1
200 1 1
200 1 1
300 14 5 4
300 16 10 15
200 0 1
200 0 1
200 0 1
200 0 1
200 1 1
200 1 1
200 1 0
200 1 1
200 1 1
200 1 1
200 1 1
200 1 1
200 1 2
200 1 1
200 1 1
300 19 1 15
300 16 12 17
200 0 1
200 0 1
200 1 1
200 1 1
200 1 1
200 1 1
200 1 1
200 1 0
200 1 1
200 1 1
200 1 1
200 1 1
300 20 1 1
300 19 7 2
200 1 1
200 0 1
200 1 1
300 16 1 5
300 11 1 5
300 16 9 7
200 1 1
200 0 1
200 0 1
200 0 0
200 1 1
200 1 1
200 1 1
200 0 1
200 1 1
200 1 1
200 1 0
200 0 1
200 1 1
200 0 0
200 0 1
200 1 1
200 0 0
200 0 2
200 1 1
200 1 1
300 16 11 13
200 1 1
200 1 1
200 1 1
200 1 0
200 1 2
200 1 1
200 1 1
200 1 1
200 1 1
200 1 1
200 1 1
200 1 0
200 1 1
200 1 1
200 1 1
300 17 3 6
200 1 1
200 1 1
200 1 1
200 1 1
300 16 10 12
200 1 1
200 1 2
200 1 1
200 1 2
200 1 1
200 1 1
200 1 1
200 1 0
200 1 0
200 1 1
200 1 1
200 1 1
200 1 1
200 1 1
200 1 1
200 1 1
200 1 0
200 1 1
200 1 2
200 1 1
200 1 1
200 1 1
200 1 0
200 1 1
200 1 1
200 1 1
200 1 1
200 1 2
200 1 1
300 15 5 11
200 1 1
200 1 1
300 16 5 1
200 1 1
200 1 1
200 1 1
200 1 1
200 1 1
300 13 13 16
200 1 1
300 16 2 0
200 1 2
200 1 1
300 12 1 8
200 0 0
200 0 1
200 0 1
200 0 1
200 0 1
200 0 1
200 0 1
200 0 0
200 0 1
300 12 14 1
200 1 1
300 12 5 5
200 0 1
200 0 0
200 0 1
300 16 13 14
200 1 1
200 1 0
200 1 1
200 1 2
200 1 1
200 1 0
200 1 1
200 1 1
300 11 1 8
300 16 12 7
200 0 1
200 0 2
200 0 1
200 1 1
200 1 1
200 1 1
200 1 1
200 1 0
200 1 1
200 1 1
200 1 1
200 1 1
300 16 15 12
200 1 2
200 1 1
200 1 1
200 1 1
200 1 1
200 1 0
200 1 1
200 1 1
200 1 1
200 1 1
300 18 10 3
200 1 1
200 1 1
200 1 1
300 19 10 2
200 1 1
200 1 2
200 1 1
200 1 1
200 1 1
200 1 1
200 1 1
200 1 1
200 1 1
200 1 1
200 1 1
200 1 1
300 16 13 18
200 1 0
200 1 2
200 1 2
200 1 1
200 1 1
200 1 1
200 1 1
200 1 1
200 1 1
300 10 1 4
200 0 1
200 0 2
200 0 0
300 14 15 13
200 1 1
200 1 1
200 1 0
200 1 1
200 1 1
200 1 1
200 1 1
200 1 1
300 16 15 6
200 1 0
200 1 1
200 1 2
200 1 1
200 1 2
200 1 2
200 1 1
300 9 0 1
300 11 15 12
200 1 2
200 1 2
200 0 1
200 0 1
200 0 2
200 0 1
200 0 1
200 0 0
200 0 1
200 0 1
200 0 2
200 0 1
200 0 1
200 0 0
200 0 1
200 0 2
200 0 1
200 0 1
200 0 2
200 0 1
300 7 0 16
200 0 2
200 0 1
200 0 0
200 0 1
200 0 1
200 0 2
300 7 2 4
200 0 1
200 0 1
200 0 1
200 0 1
200 0 0
200 0 1
200 0 1
200 0 1
200 0 1
200 0 1
200 0 1
200 0 1
300 9 0 16
200 0 0
300 10 13 5
200 1 1
200 1 1
200 1 1
200 1 2
200 1 1
200 1 1
200 1 1
200 1 1
200 1 1
200 1 1
200 1 1
200 1 1
200 1 1
200 1 1
300 20 16 1
200 1 2
200 1 1
200 1 0
300 18 16 5
200 1 0
200 1 1
200 1 1
200 1 1
200 1 1
300 10 15 14
200 1 1
200 1 1
200 1 1
200 1 1
200 1 1
200 1 2
200 1 2
200 1 2
300 11 19 1
200 1 1
200 1 1
200 1 1
200 1 1
200 1 2
300 0 8 0
300 11 18 4
200 1 1
200 1 1
200 1 1
200 1 1
200 1 1
200 1 1
200 1 1
200 1 1
200 1 1
200 1 1
200 1 1
200 1 1
200 1 1
200 1 1
200 1 1
200 1 0
200 1 1
200 1 1
200 1 0
200 1 1
200 1 1
200 1 1
200 1 0
200 1 1
200 1 1
300 14 7 3
200 1 1
200 1 1
200 1 1
200 1 0
200 1 1
200 1 2
200 1 0
300 11 9 20
200 1 1
200 1 1
200 1 1
200 1 0
200 1 1
200 1 1
200 1 1
200 1 1
200 1 2
200 1 1
200 1 1
200 1 1
200 1 1
200 1 1
200 1 0
200 1 1
200 1 1
200 1 1
200 1 1
300 16 2 7
200 1 1
200 1 1
200 1 1
300 16 6 7
200 1 1
200 1 2
200 1 2
200 1 2
300 11 17 20
200 1 1
200 1 1
200 1 1
200 1 1
200 1 1
200 1 1
200 1 1
200 1 2
300 11 20 11
200 1 1
200 1 1
200 1 1
200 1 1
200 1 1
200 1 1
200 1 2
200 1 1
200 1 1
200 1 2
200 1 1
200 1 1
200 1 1
200 1 1
200 1 1
200 1 1
300 14 17 4
200 1 1
200 1 1
200 1 0
200 1 1
200 1 1
200 1 2
200 1 1
300 14 18 0
300 15 17 8
200 1 1
200 1 1
200 1 1
200 1 1
200 1 1
300 13 17 3
200 1 2
200 1 1
200 1 0
200 1 1
200 1 2
300 12 19 2
200 1 0
200 1 1
200 1 1
200 1 1
200 1 1
200 1 1
200 1 1
200 1 1
200 1 1
200 1 1
200 1 1
200 1 2
200 1 1
300 12 15 9
200 1 1
200 1 2
200 1 1
300 13 19 8
200 1 1
300 14 17 4
200 1 1
200 1 1
200 1 1
200 1 1
300 17 20 10
200 1 1
200 1 1
200 1 1
200 1 1
300 13 20 8
200 1 0
300 11 20 3
200 1 1
200 1 1
200 1 2
200 1 0
200 1 1
200 1 1
200 1 1
200 1 2
200 1 1
200 1 1
200 1 1
200 1 2
200 1 1
200 1 1
200 1 1
200 1 2
200 1 1
200 1 1
200 1 1
300 17 18 11
200 1 2
200 1 0
200 1 1
200 1 1
200 1 2
200 1 1
200 1 1
200 1 1
200 1 2
200 1 1
200 1 2
200 1 0
200 1 1
300 13 17 2
200 1 1
200 1 1
200 1 1
300 13 17 3
200 1 1
200 1 1
200 1 1
300 12 17 4
200 1 1
200 1 1
200 1 1
300 12 19 1
200 1 2
300 17 18 13
200 1 1
200 1 1
200 1 1
200 1 0
200 1 1
200 1 1
300 12 20 13
200 1 1
200 1 1
200 1 1
200 1 1
200 1 0
300 15 20 2
200 1 1
200 1 1
200 1 1
200 1 1
200 1 1
200 1 1
300 20 20 1
200 1 1
300 10 15 16
200 1 0
200 1 2
200 1 1
200 1 1
200 1 1
200 1 1
200 1 1
300 9 20 1
200 1 1
300 9 19 2
200 1 2
200 1 0
200 1 1
300 9 19 3
200 1 1
200 1 1
300 10 15 7
200 1 0
200 1 1
200 1 1
200 1 1
200 1 1
200 1 1
200 1 1
200 1 1
200 1 1
200 1 1
200 1 1
300 9 15 10
200 1 1
200 1 1
200 1 1
200 1 2
200 1 1
200 1 1
200 1 2
200 1 1
200 1 1
200 1 0
200 1 1
200 1 1
300 10 15 13
200 1 1
200 1 1
200 1 2
200 1 1
200 1 2
200 1 1
200 1 1
200 1 1
200 1 0
200 1 1
200 1 1
200 1 1
200 1 1
200 1 2
200 1 2
200 1 1
200 1 1
200 1 1
200 1 1
200 1 2
300 17 13 7
200 1 1
200 1 1
200 1 1
200 1 1
300 19 13 2
200 1 0
200 1 1
200 1 1
200 1 1
200 1 1
200 1 1
200 1 1
200 1 1
300 19 14 7
200 1 1
200 1 1
200 1 1
200 1 1
200 1 1
200 1 1
200 1 1
300 14 13 13
200 1 1
200 1 2
200 1 1
200 1 1
200 1 1
200 1 1
200 1 1
200 1 1
200 1 1
200 1 1
200 1 1
200 1 1
200 1 1
200 1 1
200 1 0
300 15 1 2
200 1 2
200 1 1
200 1 1
200 1 1
200 1 1
300 15 9 13
200 1 1
200 1 1
200 1 1
200 1 1
200 1 1
200 1 1
200 1 1
200 1 2
200 1 2
200 1 1
200 1 1
200 1 1
200 1 1
200 1 1
200 1 1
200 1 1
200 1 0
200 1 1
200 1 1
200 1 0
200 1 1
200 1 1
200 1 1
200 1 0
200 1 1
200 1 1
300 14 8 12
200 1 1
200 1 1
200 1 1
200 1 0
200 1 1
200 1 2
200 1 1
300 15 5 17
200 1 1
200 1 1
200 1 2
200 1 1
200 1 1
200 1 1
200 1 0
200 1 1
200 1 1
200 1 1
300 11 2 3
200 1 1
200 1 1
300 15 8 12
200 1 1
200 1 1
200 1 1
200 1 1
200 1 0
200 1 1
200 1 1
200 1 1
200 1 2
200 1 1
200 1 1
200 1 1
200 1 1
300 19 2 3
200 1 1
200 1 1
200 1 1
300 19 4 5
200 1 1
200 1 1
300 14 13 16
200 1 1
200 1 1
200 1 0
200 1 0
200 1 0
300 13 13 6
200 1 1
200 1 1
200 1 1
200 1 1
200 1 1
200 1 2
200 1 1
200 1 1
200 1 1
200 1 1
200 1 1
200 1 1
200 1 1
200 1 1
200 1 1
200 1 1
200 1 1
200 1 1
200 1 1
300 18 13 14
200 1 1
200 1 1
200 1 0
200 1 1
200 1 1
200 1 1
200 1 1
200 1 2
300 16 13 10
200 1 1
200 1 1
200 1 1
200 1 2
200 1 1
200 1 2
200 1 1
200 1 1
200 1 1
200 1 0
200 1 1
200 1 1
200 1 1
200 1 1
200 1 1
200 1 1
200 1 1
200 1 1
200 1 1
200 1 1
200 1 1
300 15 3 4
200 1 1
200 1 1
200 1 1
200 1 1
300 16 13 21
200 1 1
200 1 1
200 1 1
200 1 2
200 1 1
200 1 1
200 1 0
200 1 1
300 14 13 10
200 1 1
200 1 2
200 1 0
200 1 0
200 1 1
200 1 1
200 1 0
200 1 1
200 1 1
200 1 1
300 12 16 15
200 1 1
200 1 1
200 1 1
200 1 1
200 1 1
200 1 1
200 1 2
200 1 0
200 1 1
200 1 1
200 1 1
200 1 1
200 1 2
300 10 9 11
200 1 1
200 0 1
200 1 1
200 0 1
200 1 1
200 0 1
200 0 1
200 1 1
200 1 1
200 1 1
200 1 1
200 1 1
200 1 1
200 1 1
200 1 0
200 1 1
200 1 1
200 1 1
200 1 1
200 1 0
200 1 1
200 1 1
200 1 2
300 10 9 4
300 7 5 16
200 0 1
200 0 1
200 1 1
200 0 1
200 0 1
200 1 1
200 1 1
200 1 1
200 1 1
200 1 1
200 1 1
200 1 1
300 11 7 14
200 0 1
200 1 1
200 1 1
200 0 2
200 0 1
200 0 1
200 1 1
200 1 2
200 0 1
200 0 1
300 10 5 6
200 1 0
200 1 1
200 0 1
200 1 1
200 1 1
200 1 2
200 1 1
200 1 1
200 1 1
200 1 1
200 1 1
200 1 1
200 1 1
200 1 1
200 1 1
200 1 1
300 4 0 5
200 1 1
200 1 1
200 1 1
200 1 0
300 4 0 4
200 1 1
200 1 1
200 1 1
200 1 0
300 7 0 7
200 1 1
200 1 1
200 1 1
200 1 1
200 1 1
200 1 1
200 1 0
300 11 6 17
200 0 1
200 1 1
200 1 1
200 0 1
200 1 1
200 0 1
300 10 6 5
200 0 1
200 0 1
200 0 1
200 0 1
200 0 1
200 1 1
200 1 1
200 1 1
200 0 1
200 0 1
200 1 1
300 10 1 2
300 11 1 2
200 0 0
200 1 1
200 1 1
300 10 17 21
200 1 2
200 0 2
200 0 1
200 1 1
200 1 1
200 1 1
200 1 1
200 1 1
200 1 2
200 1 0
200 1 1
200 1 1
200 1 1
200 1 1
300 16 17 6
200 1 2
200 1 1
200 1 1
200 1 1
200 1 1
200 1 1
200 1 1
200 1 2
200 1 1
200 1 1
200 1 1
200 1 0
200 1 1
200 1 1
200 1 1
200 1 1
200 1 1
200 1 1
200 1 1
200 1 1
200 1 1
200 1 1
300 15 17 23
300 11 1 2
200 0 1
200 0 1
200 0 0
200 1 0
200 0 1
200 0 1
200 1 2
200 0 1
200 0 1
200 1 1
200 0 1
200 0 1
200 1 0
200 1 1
200 0 1
200 1 0
200 0 1
200 1 1
200 0 1
200 1 1
200 0 1
200 1 1
200 0 0
200 0 2
200 1 1
200 1 1
200 1 1
200 0 1
200 1 1
200 1 1
200 0 2
200 1 0
200 0 1
200 1 1
200 1 1
200 0 1
200 1 1
200 1 1
200 0 1
200 1 2
200 0 1
200 1 1
200 0 1
200 1 1
200 1 1
200 0 1
200 1 1
200 1 2
200 0 1
200 1 1
200 0 1
200 1 1
200 1 1
200 1 1
200 1 1
300 16 20 24
200 1 1
200 1 2
300 20 14 1
300 13 11 12
300 17 19 4
200 0 1
200 1 2
200 1 1
200 1 0
200 1 1
300 19 19 2
200 0 0
200 0 1
200 0 2
200 1 1
200 1 1
300 13 11 4
300 13 7 4
300 11 1 8
300 15 18 7
200 0 0
200 0 0
200 1 1
200 1 2
200 1 1
200 1 1
200 1 1
200 1 2
200 1 1
200 1 1
200 1 0
200 1 1
300 13 17 13
200 1 2
200 1 1
200 1 2
200 1 1
200 1 1
300 10 17 8
200 1 1
200 1 1
200 1 1
200 1 1
300 10 4 6
300 10 5 1
300 10 19 2
200 0 1
200 1 2
200 1 1
200 1 1
200 0 1
200 0 1
200 1 1
200 1 1
200 0 1
200 1 1
200 0 1
200 1 1
200 1 1
200 1 1
200 1 1
200 0 2
200 0 1
200 0 0
200 1 2
200 1 1
200 1 1
200 1 1
200 1 1
200 1 1
200 1 0
300 14 19 13
200 1 1
200 1 2
200 1 1
200 1 1
200 1 1
200 1 1
200 1 1
200 1 1
200 1 1
200 1 1
200 1 1
200 1 1
200 1 1
200 1 1
200 1 2
200 1 1
200 1 1
200 1 1
200 1 1
300 11 6 1
200 1 1
300 5 16 0
300 15 8 7
200 1 1
200 1 1
200 1 1
200 1 1
200 1 1
200 1 2
200 1 1
200 1 1
200 1 1
200 1 1
300 15 19 21
200 1 2
200 1 1
300 10 3 6
200 1 1
200 1 1
200 0 1
200 0 1
200 0 1
200 0 0
200 0 1
200 1 1
200 1 1
200 0 1
200 0 2
200 1 1
200 1 1
200 1 1
200 1 1
200 1 1
200 1 1
200 1 1
200 1 1
200 1 2
200 1 0
200 1 1
200 1 1
200 1 1
200 1 1
200 1 1
300 11 0 3
300 10 3 4
300 15 13 15
200 1 1
200 0 0
200 1 1
200 0 1
200 0 2
200 0 0
200 0 1
200 1 1
200 1 1
200 1 1
200 0 1
200 0 1
200 0 1
200 1 1
200 0 1
200 1 1
200 0 1
200 0 1
200 0 2
200 1 1
200 1 2
200 0 1
200 1 1
200 1 1
200 0 1
200 1 0
200 1 1
300 12 2 11
200 0 1
200 0 1
200 0 1
300 15 11 11
200 1 1
200 1 1
200 1 1
200 1 1
200 1 1
200 1 1
200 1 1
200 1 1
200 1 1
200 1 2
200 1 0
200 1 1
200 1 1
300 15 9 11
200 1 0
200 1 2
200 1 1
200 1 1
300 15 9 4
200 1 1
200 1 1
200 1 1
200 1 1
200 1 0
200 1 1
200 1 1
200 1 1
200 1 1
200 1 1
300 17 5 4
200 1 1
200 1 2
200 1 1
200 1 2
200 1 1
200 1 1
200 1 1
200 1 1
200 1 1
300 10 3 6
200 0 1
200 0 2
200 1 1
300 10 3 2
200 0 0
200 0 1
300 17 3 1
200 1 1
300 16 5 1
200 1 0
200 1 1
200 1 0
300 15 12 11
200 1 1
200 0 1
200 0 1
200 1 0
200 1 1
200 1 1
200 1 1
200 1 1
200 1 1
300 15 13 8
200 0 1
200 1 0
200 1 0
200 0 1
200 1 1
200 1 2
200 0 1
200 1 1
200 1 1
200 1 1
200 1 1
300 18 15 3
200 1 1
200 1 1
200 1 1
300 17 5 6
300 16 14 6
200 0 1
200 1 1
200 1 2
200 1 1
200 0 2
200 1 1
200 1 1
200 0 1
200 0 1
200 0 1
200 0 1
200 0 0
200 1 1
300 17 5 7
300 15 3 6
300 15 13 8
200 0 1
200 1 1
200 0 1
200 0 0
200 0 1
200 0 0
200 0 1
200 0 1
200 0 1
200 0 1
200 1 1
200 0 2
200 0 1
200 1 1
200 0 2
200 0 1
200 1 2
200 1 2
200 1 1
200 0 1
200 1 2
200 0 2
200 0 0
200 0 1
200 0 1
200 0 1
200 0 1
200 0 1
300 18 6 3
200 0 1
200 0 0
200 0 1
200 0 1
200 0 1
200 0 0
200 0 1
200 0 0
200 0 0
200 0 1
300 13 5 20
200 0 1
200 0 1
200 0 0
200 0 2
300 11 5 2
200 0 1
300 10 3 16
200 0 1
200 0 0
200 0 1
200 0 1
200 0 1
200 0 1
200 0 1
200 0 1
200 0 1
200 0 1
200 0 1
200 0 1
300 15 15 9
200 1 0
200 1 0
200 1 1
200 1 1
200 1 2
200 1 2
200 1 1
200 1 2
300 16 2 5
200 0 0
200 0 0
200 0 1
200 0 1
200 0 1
200 0 1
200 0 1
300 5 10 0
300 15 16 9
200 1 2
200 1 1
200 1 1
200 1 1
200 1 1
300 15 18 7
200 1 1
200 1 1
200 1 1
200 1 1
200 1 1
300 15 3 5
